# Tetrahedron method
       -0.8640927477        0.0000000000
       -0.8455218007        0.0000000000
       -0.8269508536        0.0000000000
       -0.8083799065        0.0000000000
       -0.7898089595        0.0000000000
       -0.7712380124        0.0000000000
       -0.7526670654        0.0000000000
       -0.7340961183        0.0000000000
       -0.7155251712        0.0000000000
       -0.6969542242        0.0000000000
       -0.6783832771        0.0000000000
       -0.6598123301        0.0000000000
       -0.6412413830        0.0000000000
       -0.6226704359        0.0000000000
       -0.6040994889        0.0000000000
       -0.5855285418        0.0000000000
       -0.5669575948        0.0000000000
       -0.5483866477        0.0328035073
       -0.5298157006        0.1660352573
       -0.5112447536        0.3983647145
       -0.4926738065        0.9703812434
       -0.4741028595        1.4962428521
       -0.4555319124        1.8761668385
       -0.4369609654        2.2398120361
       -0.4183900183        2.3663542580
       -0.3998190712        2.8041416930
       -0.3812481242        3.2242495128
       -0.3626771771        3.3701542351
       -0.3441062301        3.4099193226
       -0.3255352830        3.2909784932
       -0.3069643359        3.3709553114
       -0.2883933889        3.2720007929
       -0.2698224418        3.1519268347
       -0.2512514948        3.0904325130
       -0.2326805477        3.0138969248
       -0.2141096006        2.8957810540
       -0.1955386536        2.6972549121
       -0.1769677065        2.3787701982
       -0.1583967595        2.2429723321
       -0.1398258124        2.1467569195
       -0.1212548653        2.0828323784
       -0.1026839183        2.0612121145
       -0.0841129712        2.0510120697
       -0.0655420242        2.0627564560
       -0.0469710771        2.1182207937
       -0.0284001300        2.1856912685
       -0.0098291830        2.2599954561
        0.0087417641        2.3418151442
        0.0273127111        2.4325500164
        0.0458836582        2.5323788781
        0.0644546053        2.6521933327
        0.0830255523        2.7924810270
        0.1015964994        2.9374540379
        0.1201674464        3.0769217416
        0.1387383935        3.2743984646
        0.1573093406        3.4805316718
        0.1758802876        3.6800074413
        0.1944512347        4.0464214970
        0.2130221817        4.3061629812
        0.2315931288        4.6611295036
        0.2501640759        4.9792870474
        0.2687350229        5.2512417474
        0.2873059700        5.4414574059
        0.3058769170        5.3810618872
        0.3244478641        5.4207140072
        0.3430188112        5.8598917957
        0.3615897582        5.9805393111
        0.3801607053        6.3386208738
        0.3987316523        6.9149484225
        0.4173025994        7.7799490915
        0.4358735465        8.7783723615
        0.4544444935        9.4033474624
        0.4730154406        9.5870867252
        0.4915863876        9.6299472428
        0.5101573347        9.7080945462
        0.5287282818        9.7518679625
        0.5472992288        9.9394657209
        0.5658701759       10.1309995302
        0.5844411229       10.1787270122
        0.6030120700       10.0558781580
        0.6215830171        9.8128921217
        0.6401539641        9.1085501459
        0.6587249112        8.4273183481
        0.6772958582        7.6965478737
        0.6958668053        7.5407122141
        0.7144377524        7.5782513627
        0.7330086994        8.0331372622
        0.7515796465        9.1129524164
        0.7701505935       10.0182534287
        0.7887215406       10.9514409537
        0.8072924877       11.0953139471
        0.8258634347       11.1418993174
        0.8444343818       11.0161505766
        0.8630053288       10.9584954110
        0.8815762759       10.9174904998
        0.9001472230       10.9272287331
        0.9187181700       10.9464934916
        0.9372891171       11.1739394430
        0.9558600641       11.0260281214
        0.9744310112       10.8863596915
        0.9930019583       10.3548712215
        1.0115729053        9.2759771798
        1.0301438524        8.3032408876
        1.0487147994        7.7333895913
        1.0672857465        8.1678337957
        1.0858566936        8.8624026458
        1.1044276406       10.2009249066
        1.1229985877       11.1958375827
        1.1415695347       11.7826740779
        1.1601404818       11.8258238711
        1.1787114289       11.5684934130
        1.1972823759       11.5573602368
        1.2158533230       12.0035420596
        1.2344242700       12.0143286564
        1.2529952171       12.4291926398
        1.2715661642       12.0134615284
        1.2901371112       10.3612086940
        1.3087080583        8.0643502468
        1.3272790053        7.6110882819
        1.3458499524        8.4877799020
        1.3644208995       10.8282747917
        1.3829918465       14.0313264580
        1.4015627936       15.6632552577
        1.4201337406       16.0757802336
        1.4387046877       16.1574146367
        1.4572756348       16.0016886114
        1.4758465818       16.0625483478
        1.4944175289       16.2253091861
        1.5129884759       16.1666478402
        1.5315594230       16.5092986639
        1.5501303701       16.7279950201
        1.5687013171       17.2001902710
        1.5872722642       17.6140914065
        1.6058432112       18.5389704083
        1.6244141583       19.7463952733
        1.6429851054       19.8821233849
        1.6615560524       20.4590923738
        1.6801269995       20.8427082285
        1.6986979465       21.4223593902
        1.7172688936       21.3584301272
        1.7358398407       21.7792372086
        1.7544107877       22.2279691963
        1.7729817348       22.9867175853
        1.7915526818       23.0994739268
        1.8101236289       23.8715797154
        1.8286945760       24.1196660929
        1.8472655230       23.7076085880
        1.8658364701       23.3511449020
        1.8844074171       22.8226538570
        1.9029783642       21.1933215112
        1.9215493113       20.0049998048
        1.9401202583       19.7016723358
        1.9586912054       21.5999531943
        1.9772621524       25.0188480481
        1.9958330995       28.6664497583
        2.0144040466       31.7274282116
        2.0329749936       36.0874648658
        2.0515459407       37.2253928427
        2.0701168877       41.2871821729
        2.0886878348       46.1060377247
        2.1072587819       50.1598884334
        2.1258297289       53.8652277943
        2.1444006760       57.0088465001
        2.1629716230       50.4861988181
        2.1815425701       47.8742793472
        2.2001135172       47.2405451676
        2.2186844642       44.9248968916
        2.2372554113       43.7350432318
        2.2558263583       40.8954865803
        2.2743973054       43.2378308927
        2.2929682525       59.7105939031
        2.3115391995       62.8543788964
        2.3301101466       75.2649984156
        2.3486810936       71.4233751802
        2.3672520407       65.4486080317
        2.3858229878       52.2947677490
        2.4043939348       61.0217820353
        2.4229648819       40.7076782146
        2.4415358289       24.8052427510
        2.4601067760       14.0356485407
        2.4786777231        7.3663113780
        2.4972486701        2.3785636101
        2.5158196172        1.6894239498
        2.5343905642        0.7388846912
        2.5529615113        0.0000000000
        2.5715324584        0.0000000000
        2.5901034054        0.0000000000
        2.6086743525        0.0000000000
        2.6272452995        0.0000000000
        2.6458162466        0.0000000000
        2.6643871937        0.0000000000
        2.6829581407        0.0000000000
        2.7015290878        0.0000000000
        2.7201000348        0.0000000000
        2.7386709819        0.0000000000
        2.7572419289        0.0000000000
        2.7758128760        0.0000000000
        2.7943838231        0.0000000000
        2.8129547701        0.0000000000
        2.8315257172        0.0000000000
        2.8500966642        0.0000000000
