# Tetrahedron method
       -0.7681727213        0.0000000000
       -0.7220823606        0.0000000000
       -0.6759920000        0.0000000000
       -0.6299016393        0.0000000000
       -0.5838112786        0.0000000000
       -0.5377209179        0.0000000000
       -0.4916305572        0.0000000000
       -0.4455401965        0.0000000000
       -0.3994498358        0.0000000000
       -0.3533594751        0.0000000000
       -0.3072691144        0.0000000000
       -0.2611787537        0.0000000000
       -0.2150883930        0.0000000000
       -0.1689980323        0.0000000000
       -0.1229076716        0.0000000000
       -0.0768173109        0.0000000000
       -0.0307269502        0.0000000000
        0.0153634105        0.0002292830
        0.0614537711        0.0036685338
        0.1075441318        0.0112348869
        0.1536344925        0.0314583428
        0.1997248532        0.0615827398
        0.2458152139        0.0931145903
        0.2919055746        0.1391229234
        0.3379959353        0.1877555258
        0.3840862960        0.2463495264
        0.4301766567        0.3126435358
        0.4762670174        0.3906394279
        0.5223573781        0.4772120204
        0.5684477388        0.5799919014
        0.6145380995        0.6947678070
        0.6606284602        0.8247160753
        0.7067188209        0.9777087718
        0.7528091816        1.1573903369
        0.7988995423        1.3663098054
        0.8449899029        1.6420281876
        0.8910802636        1.9701964315
        0.9371706243        2.3956727429
        0.9832609850        2.6681366898
        1.0293513457        3.0387880986
        1.0754417064        3.5849433895
        1.1215320671        4.5541358728
        1.1676224278        5.4810045396
        1.2137127885        6.3425390272
        1.2598031492        6.2971594591
        1.3058935099        4.9690189462
        1.3519838706        4.4833497744
        1.3980742313        5.9935037405
        1.4441645920        7.8082733968
        1.4902549527        8.9011745660
        1.5363453134        5.3145452209
        1.5824356740        5.8893311846
        1.6285260347        7.3746198871
        1.6746163954        6.7681182470
        1.7207067561        6.7517244662
        1.7667971168        8.0165093780
        1.8128874775        9.2087189600
        1.8589778382       10.8188595445
        1.9050681989        7.4807891511
        1.9511585596        7.1925074083
        1.9972489203        5.9119184236
        2.0433392810        4.4101947628
        2.0894296417        5.6621800365
        2.1355200024        6.3073369886
        2.1816103631        6.4473029037
        2.2277007238        8.7774512239
        2.2737910845        8.8845158946
        2.3198814451        7.5637608214
        2.3659718058        7.0824538158
        2.4120621665        7.6004543497
        2.4581525272        7.1284288666
        2.5042428879        7.2287643571
        2.5503332486        4.1021080920
        2.5964236093        1.8741438219
        2.6425139700        0.7212273456
        2.6886043307        1.6932316974
        2.7346946914        2.5091034801
        2.7807850521        3.3014594893
        2.8268754128        4.2953854807
        2.8729657735        4.4400476977
        2.9190561342        3.3727630706
        2.9651464949        1.4927605887
        3.0112368556        0.0000000000
        3.0573272162        0.0000000000
        3.1034175769        0.0000000000
        3.1495079376        0.0000000000
        3.1955982983        0.0000000000
        3.2416886590        0.0000000000
        3.2877790197        0.0000000000
        3.3338693804        0.0000000000
        3.3799597411        0.0000000000
        3.4260501018        0.0000000000
        3.4721404625        0.0000000000
        3.5182308232        0.0000000000
        3.5643211839        0.0000000000
        3.6104115446        0.0000000000
        3.6565019053        0.0000000000
        3.7025922660        0.0000000000
        3.7486826267        0.0000000000
        3.7947729873        0.0000000000
        3.8408633480        0.0000000000
        3.8869537087        0.0000000000
        3.9330440694        0.0000000000
        3.9791344301        0.0000000000
        4.0252247908        0.0000000000
        4.0713151515        0.0000000000
        4.1174055122        0.0000000000
        4.1634958729        0.0000000000
        4.2095862336        0.0000000000
        4.2556765943        0.0000000000
        4.3017669550        0.0000000000
        4.3478573157        0.0000000000
        4.3939476764        0.0000000000
        4.4400380371        0.0000000000
        4.4861283978        0.0000000000
        4.5322187584        0.0000000000
        4.5783091191        0.0000000000
        4.6243994798        0.0000000000
        4.6704898405        0.0000000000
        4.7165802012        0.0000000000
        4.7626705619        0.0000000000
        4.8087609226        0.0000000000
        4.8548512833        0.0000000000
        4.9009416440        0.0000000000
        4.9470320047        0.2370383192
        4.9931223654        0.3926569412
        5.0392127261        0.5503178466
        5.0853030868        0.7476602846
        5.1313934475        1.0597422898
        5.1774838082        1.4726601085
        5.2235741689        2.4311721336
        5.2696645295        2.4627431955
        5.3157548902        2.5112839714
        5.3618452509        3.0041569158
        5.4079356116        2.2771209093
        5.4540259723        1.6165606195
        5.5001163330        1.4432328910
        5.5462066937        2.1737257429
        5.5922970544        2.1445007652
        5.6383874151        2.6894116118
        5.6844777758        2.4327780584
        5.7305681365        2.2427887470
        5.7766584972        2.2318858042
        5.8227488579        2.3321787584
        5.8688392186        2.2021900172
        5.9149295793        2.0628952873
        5.9610199400        1.5205094544
        6.0071103007        0.8882539014
        6.0532006613        0.8997199508
        6.0992910220        0.7948580230
        6.1453813827        0.7994957599
        6.1914717434        0.7994686382
        6.2375621041        0.8431100281
        6.2836524648        0.9097178203
        6.3297428255        1.1134774843
        6.3758331862        1.3026969535
        6.4219235469        1.5758044148
        6.4680139076        2.4859695528
        6.5141042683        3.0031246681
        6.5601946290        3.0977790858
        6.6062849897        3.4024599145
        6.6523753504        4.0268403269
        6.6984657111        4.4296126945
        6.7445560718        5.2291337690
        6.7906464324        5.3946698738
        6.8367367931        4.5384076545
        6.8828271538        4.0860700723
        6.9289175145        3.6366546636
        6.9750078752        3.1731902890
        7.0210982359        2.8196848118
        7.0671885966        2.4448197420
        7.1132789573        1.7861128266
        7.1593693180        1.4041172185
        7.2054596787        1.5595194841
        7.2515500394        2.2715899919
        7.2976404001        5.4614522464
        7.3437307608        5.6353881881
        7.3898211215        2.9104140431
        7.4359114822        1.5482163920
        7.4820018429        1.2947343741
        7.5280922035        0.8539392440
        7.5741825642        0.6063086949
        7.6202729249        0.4045242154
        7.6663632856        0.1709623470
        7.7124536463        0.0000000000
        7.7585440070        0.0000000000
        7.8046343677        0.0000000000
        7.8507247284        0.0000000000
        7.8968150891        0.0000000000
        7.9429054498        0.0000000000
        7.9889958105        0.0000000000
        8.0350861712        0.0000000000
        8.0811765319        0.0000000000
        8.1272668926        0.0000000000
        8.1733572533        0.0000000000
        8.2194476140        0.0000000000
        8.2655379746        0.0000000000
        8.3116283353        0.0000000000
        8.3577186960        0.0000000000
        8.4038090567        0.0000000000
        8.4498994174        0.0000000000
