# Tetrahedron method
       -1.8693604401        0.0000000000
       -1.7887503273        0.0000000000
       -1.7081402144        0.0000000000
       -1.6275301015        0.0000000000
       -1.5469199887        0.0000000000
       -1.4663098758        0.0000000000
       -1.3856997629        0.0000000000
       -1.3050896501        0.0000000000
       -1.2244795372        0.0000000000
       -1.1438694244        0.0000000000
       -1.0632593115        0.0000000000
       -0.9826491986        0.0000000000
       -0.9020390858        0.0000000000
       -0.8214289729        0.0000000000
       -0.7408188601        0.0000000000
       -0.6602087472        0.0000000000
       -0.5795986343        0.0000000000
       -0.4989885215        0.0073849511
       -0.4183784086        0.0357674997
       -0.3377682957        0.0560739150
       -0.2571581829        0.0484802542
       -0.1765480700        0.0377533778
       -0.0959379572        0.0375960273
       -0.0153278443        0.0397205034
        0.0652822686        0.0444843368
        0.1458923814        0.0563654740
        0.2265024943        0.0830781125
        0.3071126072        0.1501455784
        0.3877227200        0.2314795647
        0.4683328329        0.3599223844
        0.5489429457        0.4984501641
        0.6295530586        0.6470742623
        0.7101631715        0.8283675990
        0.7907732843        1.0494283796
        0.8713833972        1.2805311521
        0.9519935100        1.4607627957
        1.0326036229        1.6910185019
        1.1132137358        2.0482376883
        1.1938238486        2.4661057900
        1.2744339615        3.0687228465
        1.3550440744        3.5822926291
        1.4356541872        4.7480021117
        1.5162643001        5.3605352291
        1.5968744129        7.2706853362
        1.6774845258        7.6990427466
        1.7580946387        5.1831607828
        1.8387047515        7.3763859322
        1.9193148644        6.7436267633
        1.9999249772        5.5200131282
        2.0805350901        5.9341932248
        2.1611452030        6.2100267861
        2.2417553158        6.8221378878
        2.3223654287        7.1169800198
        2.4029755416        6.5494884060
        2.4835856544        8.4204907318
        2.5641957673        7.1804220397
        2.6448058801        7.5565860955
        2.7254159930       15.8478015186
        2.8060261059        5.9321641388
        2.8866362187       11.1988850830
        2.9672463316       10.3874863535
        3.0478564444        7.2780678556
        3.1284665573        3.5033610777
        3.2090766702        1.5143529662
        3.2896867830        1.4723360175
        3.3702968959        1.7441535170
        3.4509070088        2.6592093577
        3.5315171216        1.6683953977
        3.6121272345        0.3668727460
        3.6927373473        0.4117728078
        3.7733474602        1.0237672904
        3.8539575731        0.6350049806
        3.9345676859        0.5237523404
        4.0151777988        0.4729205633
        4.0957879117        0.4419866496
        4.1763980245        0.7933355751
        4.2570081374        1.4375552890
        4.3376182502        0.9525086979
        4.4182283631        0.8271486062
        4.4988384760        0.7260442087
        4.5794485888        0.6977017984
        4.6600587017        0.6489668666
        4.7406688145        0.6593670101
        4.8212789274        1.4203267542
        4.9018890403        2.0729049982
        4.9824991531        2.7294771448
        5.0631092660        2.5163494380
        5.1437193789        2.4473741668
        5.2243294917        1.8992254106
        5.3049396046        2.6134847586
        5.3855497174        2.9258667887
        5.4661598303        2.7566290332
        5.5467699432        2.3294916743
        5.6273800560        2.2974554636
        5.7079901689        2.6255765233
        5.7886002817        2.4406378140
        5.8692103946        4.0947094147
        5.9498205075        4.3432764228
        6.0304306203        5.3879730879
        6.1110407332        2.8505604433
        6.1916508461        3.6762219130
        6.2722609589        2.9874481717
        6.3528710718        2.6524494573
        6.4334811846        2.5610940996
        6.5140912975        2.7215750858
        6.5947014104        2.9862919244
        6.6753115232        3.0902348648
        6.7559216361        3.2816046776
        6.8365317489        4.5413196237
        6.9171418618        3.6838479062
        6.9977519747        3.9734084034
        7.0783620875        3.4125507569
        7.1589722004        3.5081554133
        7.2395823133        3.1623080472
        7.3201924261        3.2756073790
        7.4008025390        3.9194496967
        7.4814126518        5.5065591404
        7.5620227647        4.3220756791
        7.6426328776        6.9446300828
        7.7232429904        3.9235685778
        7.8038531033        3.5919347672
        7.8844632162        3.1253890173
        7.9650733290        3.2793691471
        8.0456834419        3.7780187392
        8.1262935547        9.5234998752
        8.2069036676        4.9752800081
        8.2875137805        3.0588883119
        8.3681238933        3.7521203004
        8.4487340062        3.8612330563
        8.5293441190        2.5605896692
        8.6099542319        4.6527231728
        8.6905643448        4.3341066579
        8.7711744576        1.9586928174
        8.8517845705        1.6712169197
        8.9323946834        1.8406566058
        9.0130047962        2.2122866700
        9.0936149091        3.1768236406
        9.1742250219        3.4232027852
        9.2548351348        2.1040296242
        9.3354452477        1.5706829040
        9.4160553605        1.9224342325
        9.4966654734        2.6854060988
        9.5772755862        1.6151865329
        9.6578856991        3.4146477456
        9.7384958120        3.0314305004
        9.8191059248        3.9511313397
        9.8997160377        3.9301622683
        9.9803261506        3.2340088878
       10.0609362634        3.5517575094
       10.1415463763        3.1896550528
       10.2221564891        5.4462519039
       10.3027666020        5.9249460028
       10.3833767149        5.5915639417
       10.4639868277        3.5532972060
       10.5445969406        3.3198437088
       10.6252070534        3.0498123238
       10.7058171663        2.6099799653
       10.7864272792        2.4322471252
       10.8670373920        2.4044771059
       10.9476475049        2.1471204724
       11.0282576178        1.5077704355
       11.1088677306        1.5528279281
       11.1894778435        1.7157825452
       11.2700879563        1.2336282992
       11.3506980692        1.0266237901
       11.4313081821        1.2087103955
       11.5119182949        0.2528591503
       11.5925284078        0.2414678636
       11.6731385207        0.2320892582
       11.7537486335        0.2277249278
       11.8343587464        0.2162631975
       11.9149688592        0.0000000000
       11.9955789721        0.0000000000
       12.0761890850        0.4457039125
       12.1567991978        1.1075834465
       12.2374093107        1.3397106008
       12.3180194235        1.9603708711
       12.3986295364        3.1118547960
       12.4792396493        2.1218452352
       12.5598497621        0.6662972064
       12.6404598750        0.5805525609
       12.7210699879        0.5141814927
       12.8016801007        0.4654140520
       12.8822902136        0.4953638364
       12.9629003264        0.0000000000
       13.0435104393        0.0000000000
       13.1241205522        0.0000000000
       13.2047306650        0.0000000000
       13.2853407779        0.0000000000
       13.3659508907        0.0000000000
       13.4465610036        0.0000000000
       13.5271711165        0.0000000000
       13.6077812293        0.0000000000
       13.6883913422        0.0000000000
       13.7690014551        0.0000000000
       13.8496115679        0.0000000000
       13.9302216808        0.0000000000
       14.0108317936        0.0000000000
       14.0914419065        0.0000000000
       14.1720520194        0.0000000000
       14.2526621322        0.0000000000
