# Tetrahedron method
       -1.1728690862        0.0000000000
       -1.1024969467        0.0000000000
       -1.0321248072        0.0000000000
       -0.9617526677        0.0000000000
       -0.8913805282        0.0000000000
       -0.8210083887        0.0000000000
       -0.7506362492        0.0000000000
       -0.6802641097        0.0000000000
       -0.6098919702        0.0000000000
       -0.5395198307        0.0000000000
       -0.4691476911        0.0000000000
       -0.3987755516        0.0000000000
       -0.3284034121        0.0000000000
       -0.2580312726        0.0000000000
       -0.1876591331        0.0000000000
       -0.1172869936        0.0000000000
       -0.0469148541        0.0000000000
        0.0234572854        0.0000699401
        0.0938294249        0.0011190428
        0.1642015644        0.0034361016
        0.2345737039        0.0144741800
        0.3049458434        0.0195562288
        0.3753179829        0.0332476952
        0.4456901224        0.0491679159
        0.5160622619        0.0668044743
        0.5864344015        0.0890855859
        0.6568065410        0.1116863581
        0.7271786805        0.1372337105
        0.7975508200        0.1676844247
        0.8679229595        0.2030154172
        0.9382950990        0.2435806265
        1.0086672385        0.2865999541
        1.0790393780        0.3354364967
        1.1494115175        0.3906384199
        1.2197836570        0.4546187187
        1.2901557965        0.5352006233
        1.3605279360        0.6367689858
        1.4309000755        0.7719689993
        1.5012722150        0.8646773906
        1.5716443545        0.9997944667
        1.6420164941        1.2121789968
        1.7123886336        1.5877589237
        1.7827607731        1.4851335496
        1.8531329126        1.4836468643
        1.9235050521        1.5214728011
        1.9938771916        1.6292261040
        2.0642493311        1.4654991881
        2.1346214706        1.3547429725
        2.2049936101        1.3206464531
        2.2753657496        1.3839218604
        2.3457378891        1.5936727166
        2.4161100286        1.6960220761
        2.4864821681        1.4655647223
        2.5568543076        1.2492591488
        2.6272264471        0.9984297860
        2.6975985867        1.0761313441
        2.7679707262        0.9117196012
        2.8383428657        0.7970424095
        2.9087150052        0.6522847225
        2.9790871447        0.6252985876
        3.0494592842        0.5999480501
        3.1198314237        0.5759159771
        3.1902035632        0.5524900917
        3.2605757027        0.5411957739
        3.3309478422        0.4893159824
        3.4013199817        0.6272104623
        3.4716921212        1.0604413195
        3.5420642607        1.3390297021
        3.6124364002        1.6871701323
        3.6828085397        1.2549098639
        3.7531806793        1.1213905557
        3.8235528188        0.7717689507
        3.8939249583        0.2971200697
        3.9642970978        0.0000000000
        4.0346692373        0.0304426422
        4.1050413768        0.2956649114
        4.1754135163        0.4587056884
        4.2457856558        2.1989016548
        4.3161577953        3.3873786116
        4.3865299348        4.4899483231
        4.4569020743        2.2346014789
        4.5272742138        1.0559773392
        4.5976463533        0.8195827398
        4.6680184928        0.7687248163
        4.7383906323        0.8269250743
        4.8087627718        0.8847473948
        4.8791349114        0.9347553597
        4.9495070509        1.0390551368
        5.0198791904        1.1411357520
        5.0902513299        1.0101984071
        5.1606234694        1.1108764846
        5.2309956089        1.2076543051
        5.3013677484        1.3487714276
        5.3717398879        1.4671626203
        5.4421120274        1.8904983682
        5.5124841669        1.3802067694
        5.5828563064        0.7537812432
        5.6532284459        1.1521266843
        5.7236005854        1.6590046583
        5.7939727249        1.6239556788
        5.8643448644        1.7553153706
        5.9347170040        1.6869960960
        6.0050891435        1.5250370806
        6.0754612830        1.2090856756
        6.1458334225        1.1296300415
        6.2162055620        1.0444870500
        6.2865777015        0.7978962231
        6.3569498410        0.6420301016
        6.4273219805        0.7029342579
        6.4976941200        0.8616910481
        6.5680662595        0.9299631941
        6.6384383990        0.9724134542
        6.7088105385        0.9792164118
        6.7791826780        0.9841009217
        6.8495548175        0.9435295377
        6.9199269570        0.8797106520
        6.9902990966        1.3012121647
        7.0606712361        2.3626022272
        7.1310433756        2.7394999983
        7.2014155151        2.5772294951
        7.2717876546        2.1187083016
        7.3421597941        1.8453145529
        7.4125319336        1.7293359849
        7.4829040731        1.4024363985
        7.5532762126        1.3748500376
        7.6236483521        1.3911580069
        7.6940204916        1.3261467583
        7.7643926311        1.2132084360
        7.8347647706        1.2287230459
        7.9051369101        1.4236794934
        7.9755090496        1.7691881333
        8.0458811892        2.2176753810
        8.1162533287        2.6132395236
        8.1866254682        1.7901010111
        8.2569976077        1.0445434008
        8.3273697472        0.4275031060
        8.3977418867        0.0507860703
        8.4681140262        0.0000000000
        8.5384861657        0.5043495828
        8.6088583052        0.8284354225
        8.6792304447        1.1116867594
        8.7496025842        1.6996546066
        8.8199747237        2.7755336841
        8.8903468632        2.4106665815
        8.9607190027        1.2360264971
        9.0310911422        1.1526421333
        9.1014632818        1.7392472838
        9.1718354213        1.9272614678
        9.2422075608        2.7242590968
        9.3125797003        2.4610259184
        9.3829518398        2.3788366887
        9.4533239793        2.3593093532
        9.5236961188        2.7178671903
        9.5940682583        3.0389150184
        9.6644403978        2.2588301109
        9.7348125373        1.4810628045
        9.8051846768        1.1247335062
        9.8755568163        1.6520554853
        9.9459289558        1.8042020647
       10.0163010953        2.0019151248
       10.0866732348        1.9313863212
       10.1570453743        1.8100000784
       10.2274175139        1.7930858755
       10.2977896534        1.7887516673
       10.3681617929        1.7641294611
       10.4385339324        1.9021730585
       10.5089060719        2.1843178337
       10.5792782114        2.5106554396
       10.6496503509        2.7661671326
       10.7200224904        2.6581299202
       10.7903946299        2.6282678960
       10.8607667694        2.9860419498
       10.9311389089        2.4677257361
       11.0015110484        2.2251279660
       11.0718831879        1.7624849059
       11.1422553274        2.1117791471
       11.2126274669        2.6931987444
       11.2829996065        2.0380449533
       11.3533717460        1.4393124627
       11.4237438855        0.9870610042
       11.4941160250        0.7154749896
       11.5644881645        0.4434815304
       11.6348603040        0.3001119986
       11.7052324435        0.1152090097
       11.7756045830        0.0000000000
       11.8459767225        0.0000000000
       11.9163488620        0.0000000000
       11.9867210015        0.0000000000
       12.0570931410        0.0000000000
       12.1274652805        0.0000000000
       12.1978374200        0.0000000000
       12.2682095595        0.0000000000
       12.3385816991        0.0000000000
       12.4089538386        0.0000000000
       12.4793259781        0.0000000000
       12.5496981176        0.0000000000
       12.6200702571        0.0000000000
       12.6904423966        0.0000000000
       12.7608145361        0.0000000000
       12.8311866756        0.0000000000
       12.9015588151        0.0000000000
