# Tetrahedron method
       -1.4554837547        0.0000000000
       -1.3855190894        0.0000000000
       -1.3155544240        0.0000000000
       -1.2455897587        0.0000000000
       -1.1756250933        0.0000000000
       -1.1056604280        0.0000000000
       -1.0356957626        0.0000000000
       -0.9657310973        0.0000000000
       -0.8957664319        0.0000000000
       -0.8258017666        0.0000000000
       -0.7558371012        0.0000000000
       -0.6858724359        0.0000000000
       -0.6159077705        0.0000000000
       -0.5459431052        0.0000000000
       -0.4759784398        0.0000000000
       -0.4060137745        0.0000000000
       -0.3360491091        0.0000000000
       -0.2660844438        0.0029017020
       -0.1961197784        0.0089514800
       -0.1261551131        0.0087107115
       -0.0561904477        0.0103288286
        0.0137742176        0.0128968153
        0.0837388830        0.0191234528
        0.1537035483        0.0281160329
        0.2236682137        0.0467954652
        0.2936328790        0.0727553218
        0.3635975444        0.1024183016
        0.4335622097        0.1390814580
        0.5035268751        0.1800924763
        0.5734915404        0.2254697094
        0.6434562058        0.2771507254
        0.7134208711        0.3372947115
        0.7833855365        0.4054291449
        0.8533502018        0.4826514186
        0.9233148672        0.5739683052
        0.9932795325        0.6824138709
        1.0632441979        0.8076269250
        1.1332088632        0.9700678424
        1.2031735286        1.1845111456
        1.2731381939        1.4785070896
        1.3431028593        1.8207107408
        1.4130675246        2.0870002815
        1.4830321900        2.4361781849
        1.5529968553        3.2703930945
        1.6229615207        3.6892742288
        1.6929261860        2.5288744415
        1.7628908514        2.5975609629
        1.8328555167        2.4427979662
        1.9028201821        2.1925980879
        1.9727848474        2.2850959836
        2.0427495128        3.1791045420
        2.1127141781        3.1288679024
        2.1826788435        2.6396071067
        2.2526435088        2.4686035214
        2.3226081742        3.0621068724
        2.3925728395        4.1470417645
        2.4625375049        3.3933543575
        2.5325021702        4.6922661144
        2.6024668356        3.6195340759
        2.6724315009        5.1392197357
        2.7423961663        4.3435477867
        2.8123608316        4.0311907619
        2.8823254970        4.3453669509
        2.9522901623        3.3443008479
        3.0222548277        0.3269482042
        3.0922194930        0.0000000000
        3.1621841584        0.0000000000
        3.2321488237        0.0000000000
        3.3021134891        0.0000000000
        3.3720781544        0.0000000000
        3.4420428198        0.0000000000
        3.5120074851        0.0000000000
        3.5819721505        0.0000000000
        3.6519368158        0.0000000000
        3.7219014812        0.0000000000
        3.7918661465        0.0000000000
        3.8618308119        0.0000000000
        3.9317954772        0.0000000000
        4.0017601426        0.0000000000
        4.0717248079        0.0000000000
        4.1416894733        0.0000000000
        4.2116541386        0.0000000000
        4.2816188040        0.0000000000
        4.3515834693        0.0000000000
        4.4215481347        0.0000000000
        4.4915128000        0.0000000000
        4.5614774654        0.0000000000
        4.6314421307        0.0000000000
        4.7014067961        0.0000000000
        4.7713714614        0.0000000000
        4.8413361268        0.0000000000
        4.9113007921        0.0000000000
        4.9812654575        0.0000000000
        5.0512301228        0.0000000000
        5.1211947882        0.0000000000
        5.1911594535        0.0000000000
        5.2611241189        0.1281560197
        5.3310887842        0.2685355602
        5.4010534496        0.4204440806
        5.4710181149        0.5806936501
        5.5409827803        0.7135455816
        5.6109474456        0.9946847634
        5.6809121110        1.7128449526
        5.7508767763        3.2481651559
        5.8208414417        2.0995023665
        5.8908061070        0.8651724857
        5.9607707724        0.6226680766
        6.0307354377        0.4998868592
        6.1007001031        0.4162808418
        6.1706647684        0.3555154128
        6.2406294338        0.3084166381
        6.3105940991        0.3180126011
        6.3805587645        0.3843295048
        6.4505234298        0.4276970177
        6.5204880952        0.8867182639
        6.5904527605        1.7824288510
        6.6604174259        2.3920063425
        6.7303820912        2.4505559051
        6.8003467566        2.2197113344
        6.8703114219        1.8002555023
        6.9402760873        1.7566041334
        7.0102407526        2.2680668928
        7.0802054180        2.7000704682
        7.1501700833        3.0768581751
        7.2201347487        2.7982150607
        7.2900994140        1.8153811264
        7.3600640794        1.6295772396
        7.4300287447        1.5595265190
        7.4999934101        1.4429484423
        7.5699580754        1.6866445140
        7.6399227408        1.6739327607
        7.7098874061        1.7616827720
        7.7798520715        1.8608394109
        7.8498167368        1.7703357539
        7.9197814022        1.7543792889
        7.9897460675        1.3503641205
        8.0597107329        2.1834441424
        8.1296753982        3.4028867317
        8.1996400636        2.1132214197
        8.2696047289        1.8932538569
        8.3395693943        1.6604218017
        8.4095340596        1.4777656787
        8.4794987250        1.6763940964
        8.5494633903        1.6805613221
        8.6194280557        1.6546748917
        8.6893927210        1.6278472669
        8.7593573864        1.6127420000
        8.8293220517        1.4999307688
        8.8992867171        1.3038706577
        8.9692513825        1.1658574432
        9.0392160478        1.2650679252
        9.1091807132        1.3721350436
        9.1791453785        1.6119557209
        9.2491100439        1.2839078833
        9.3190747092        1.3033689980
        9.3890393746        1.6952251068
        9.4590040399        1.7004878105
        9.5289687053        1.6000892500
        9.5989333706        1.5841150364
        9.6688980360        1.5321552785
        9.7388627013        1.2314968280
        9.8088273667        1.0844450104
        9.8787920320        0.7968923769
        9.9487566974        1.5305895107
       10.0187213627        2.2783214023
       10.0886860281        2.1500715880
       10.1586506934        2.1189917598
       10.2286153588        1.8855878511
       10.2985800241        1.5562487091
       10.3685446895        1.3456753331
       10.4385093548        1.2065915008
       10.5084740202        0.9165460508
       10.5784386855        1.5973665486
       10.6484033509        1.8433701681
       10.7183680162        1.3664028871
       10.7883326816        1.1551860338
       10.8582973469        1.1619321328
       10.9282620123        1.2510452280
       10.9982266776        1.4160263320
       11.0681913430        1.5392898012
       11.1381560083        1.2394956163
       11.2081206737        0.6738294291
       11.2780853390        0.4050053564
       11.3480500044        0.1080698583
       11.4180146697        0.0000000000
       11.4879793351        0.0000000000
       11.5579440004        0.0000000000
       11.6279086658        0.0000000000
       11.6978733311        0.0000000000
       11.7678379965        0.0000000000
       11.8378026618        0.0000000000
       11.9077673272        0.0000000000
       11.9777319925        0.0000000000
       12.0476966579        0.0000000000
       12.1176613232        0.0000000000
       12.1876259886        0.0000000000
       12.2575906539        0.0000000000
       12.3275553193        0.0000000000
       12.3975199846        0.0000000000
       12.4674846500        0.0000000000
       12.5374493153        0.0000000000
