# Tetrahedron method
       -0.6934612190        0.0000000000
       -0.6771144400        0.0000000000
       -0.6607676609        0.0000000000
       -0.6444208819        0.0000000000
       -0.6280741029        0.0000000000
       -0.6117273238        0.0000000000
       -0.5953805448        0.0000000000
       -0.5790337658        0.0000000000
       -0.5626869867        0.0000000000
       -0.5463402077        0.0000000000
       -0.5299934287        0.0000000000
       -0.5136466497        0.0000000000
       -0.4972998706        0.0000000000
       -0.4809530916        0.0000000000
       -0.4646063126        0.0000000000
       -0.4482595335        0.0000000000
       -0.4319127545        0.0000000000
       -0.4155659755        0.0322761922
       -0.3992191965        0.2226787802
       -0.3828724174        0.4173232160
       -0.3665256384        0.5477449767
       -0.3501788594        0.5995357538
       -0.3338320803        0.5705461290
       -0.3174853013        0.5674671377
       -0.3011385223        0.5681707985
       -0.2847917433        0.5898200495
       -0.2684449642        0.5619848225
       -0.2520981852        0.5383322183
       -0.2357514062        0.5139247707
       -0.2194046271        0.4817356033
       -0.2030578481        0.4553353683
       -0.1867110691        0.4411984567
       -0.1703642901        0.4300767479
       -0.1540175110        0.4217530266
       -0.1376707320        0.4164601395
       -0.1213239530        0.4148239736
       -0.1049771739        0.4171419064
       -0.0886303949        0.4226885461
       -0.0722836159        0.4303619359
       -0.0559368368        0.4385387931
       -0.0395900578        0.4473776866
       -0.0232432788        0.4598915522
       -0.0068964998        0.4730197310
        0.0094502793        0.4868191074
        0.0257970583        0.5016772255
        0.0421438373        0.5180483793
        0.0584906164        0.5361319462
        0.0748373954        0.5569762806
        0.0911841744        0.5822664671
        0.1075309534        0.6195688112
        0.1238777325        0.6703898388
        0.1402245115        0.7267092537
        0.1565712905        0.7910706611
        0.1729180696        0.8833657162
        0.1892648486        0.9799530428
        0.2056116276        1.1024915737
        0.2219584066        1.2114918611
        0.2383051857        1.2952909139
        0.2546519647        1.3742880189
        0.2709987437        1.4556425386
        0.2873455228        1.5521225147
        0.3036923018        1.6720650908
        0.3200390808        1.8010255916
        0.3363858598        1.9332076054
        0.3527326389        2.0604162972
        0.3690794179        2.1820255581
        0.3854261969        2.3053304740
        0.4017729760        2.4365234370
        0.4181197550        2.5727732420
        0.4344665340        2.7360048211
        0.4508133130        2.9231067850
        0.4671600921        3.1058172325
        0.4835068711        3.2830443852
        0.4998536501        3.4218078725
        0.5162004292        3.5548340361
        0.5325472082        3.7057595681
        0.5488939872        3.8515702044
        0.5652407663        4.0466586057
        0.5815875453        4.2465017698
        0.5979343243        4.4114954761
        0.6142811033        4.5353660093
        0.6306278824        4.7266196755
        0.6469746614        4.9758567310
        0.6633214404        5.2500196986
        0.6796682195        5.5749269971
        0.6960149985        5.8628786099
        0.7123617775        6.1277173784
        0.7287085565        6.4350166882
        0.7450553356        6.9558276405
        0.7614021146        7.2861046411
        0.7777488936        7.6359548074
        0.7940956727        9.0132427008
        0.8104424517       12.1662858982
        0.8267892307       12.3441697325
        0.8431360097       12.4409625436
        0.8594827888       12.6164644927
        0.8758295678       13.1717700409
        0.8921763468       14.1709661123
        0.9085231259       13.6552833804
        0.9248699049       14.4669502864
        0.9412166839       14.3897510873
        0.9575634629       14.7103935450
        0.9739102420       15.5528266762
        0.9902570210       16.4740047606
        1.0066038000       15.5689147156
        1.0229505791       14.2229784514
        1.0392973581       15.1526577063
        1.0556441371       17.0301495899
        1.0719909161       17.4372461470
        1.0883376952       17.1590057302
        1.1046844742       16.2111579928
        1.1210312532       15.9255516691
        1.1373780323       17.2147257914
        1.1537248113       15.8444309265
        1.1700715903       15.6557851472
        1.1864183694       15.3673825819
        1.2027651484       13.9826832870
        1.2191119274       12.4728275191
        1.2354587064       13.4750524538
        1.2518054855       14.3578993670
        1.2681522645       14.0808754055
        1.2844990435       13.6957030355
        1.3008458226       15.1033925932
        1.3171926016       16.5460188118
        1.3335393806       16.2227882384
        1.3498861596       16.3192541695
        1.3662329387       16.2527939074
        1.3825797177       17.3539208988
        1.3989264967       18.1085497399
        1.4152732758       18.3084549169
        1.4316200548       18.4174611020
        1.4479668338       19.1574735784
        1.4643136128       19.3251078483
        1.4806603919       20.2537608429
        1.4970071709       21.2384799234
        1.5133539499       22.5892856363
        1.5297007290       22.6379329428
        1.5460475080       22.2010833379
        1.5623942870       25.2885689696
        1.5787410660       20.4129110888
        1.5950878451       19.5745529702
        1.6114346241       19.4106530854
        1.6277814031       17.7165713843
        1.6441281822       17.0629704812
        1.6604749612       16.5901518458
        1.6768217402       16.0666662975
        1.6931685193       14.3702799411
        1.7095152983       12.5615370098
        1.7258620773       11.6787813331
        1.7422088563       11.0284875569
        1.7585556354        9.7845508144
        1.7749024144       10.1265726213
        1.7912491934       11.7690375514
        1.8075959725       12.8276100453
        1.8239427515       14.8307961494
        1.8402895305       17.6413157792
        1.8566363095       27.4306834795
        1.8729830886       28.4279044043
        1.8893298676       35.5655730750
        1.9056766466       33.7888506768
        1.9220234257       32.1467752626
        1.9383702047       25.7871246882
        1.9547169837       21.1729312717
        1.9710637627       17.7866669383
        1.9874105418       16.1948224210
        2.0037573208       14.9463639484
        2.0201040998       14.6519180208
        2.0364508789       14.4376868238
        2.0527976579       14.5505026008
        2.0691444369       14.4506371577
        2.0854912159       14.2120151351
        2.1018379950       15.4770334986
        2.1181847740       15.4668917281
        2.1345315530       14.6914754000
        2.1508783321       13.5786731035
        2.1672251111       13.6546618260
        2.1835718901       13.4785639685
        2.1999186691        9.9898424453
        2.2162654482       10.5002447390
        2.2326122272       10.3593858226
        2.2489590062       10.6455311570
        2.2653057853        9.5665347238
        2.2816525643        5.6151508621
        2.2979993433        2.3235412613
        2.3143461224        0.0000000000
        2.3306929014        0.0000000000
        2.3470396804        0.0000000000
        2.3633864594        0.0000000000
        2.3797332385        0.0000000000
        2.3960800175        0.0000000000
        2.4124267965        0.0000000000
        2.4287735756        0.0000000000
        2.4451203546        0.0000000000
        2.4614671336        0.0000000000
        2.4778139126        0.0000000000
        2.4941606917        0.0000000000
        2.5105074707        0.0000000000
        2.5268542497        0.0000000000
        2.5432010288        0.0000000000
        2.5595478078        0.0000000000
        2.5758945868        0.0000000000
