# Tetrahedron method
       -2.7066184584        0.0000000000
       -2.6303192357        0.0000000000
       -2.5540200130        0.0000000000
       -2.4777207903        0.0000000000
       -2.4014215676        0.0000000000
       -2.3251223449        0.0000000000
       -2.2488231223        0.0000000000
       -2.1725238996        0.0000000000
       -2.0962246769        0.0000000000
       -2.0199254542        0.0000000000
       -1.9436262315        0.0000000000
       -1.8673270088        0.0000000000
       -1.7910277861        0.0000000000
       -1.7147285634        0.0000000000
       -1.6384293408        0.0000000000
       -1.5621301181        0.0000000000
       -1.4858308954        0.0000000000
       -1.4095316727        0.0265920047
       -1.3332324500        0.0955858713
       -1.2569332273        0.1308831478
       -1.1806340046        0.1702191929
       -1.1043347819        0.2883466985
       -1.0280355593        0.3577959334
       -0.9517363366        0.3929072117
       -0.8754371139        0.5596052071
       -0.7991378912        0.6849339740
       -0.7228386685        0.9619101956
       -0.6465394458        1.3081413000
       -0.5702402231        1.4169411733
       -0.4939410004        1.2709465446
       -0.4176417778        1.1050311196
       -0.3413425551        0.9230354078
       -0.2650433324        0.8221530721
       -0.1887441097        0.7500974232
       -0.1124448870        0.7373890435
       -0.0361456643        0.7497333991
        0.0401535584        0.7846829126
        0.1164527810        0.8198946771
        0.1927520037        0.8969822477
        0.2690512264        0.9863797310
        0.3453504491        1.1754641967
        0.4216496718        1.5921794686
        0.4979488945        2.0295050116
        0.5742481172        2.5393861698
        0.6505473399        3.0713447551
        0.7268465625        3.8034652103
        0.8031457852        3.7523486207
        0.8794450079        4.3663597730
        0.9557442306        3.7908465205
        1.0320434533        3.4136695003
        1.1083426760        3.3502059273
        1.1846418987        3.1089310045
        1.2609411214        2.7760487746
        1.3372403440        3.5643081241
        1.4135395667        4.0790606672
        1.4898387894        3.1337875405
        1.5661380121        3.4025104393
        1.6424372348        4.8288040897
        1.7187364575        3.6488740907
        1.7950356802        3.3159621197
        1.8713349029        3.5250157755
        1.9476341255        1.9841855297
        2.0239333482        1.5809872825
        2.1002325709        1.0000044970
        2.1765317936        0.8268797316
        2.2528310163        0.8218577679
        2.3291302390        0.9389124669
        2.4054294617        1.2278191223
        2.4817286843        1.5357664198
        2.5580279070        2.2032831507
        2.6343271297        2.4964894205
        2.7106263524        2.8285693506
        2.7869255751        3.0486970793
        2.8632247978        1.9157760551
        2.9395240205        1.1218234241
        3.0158232432        1.0790346226
        3.0921224658        1.4329680161
        3.1684216885        1.5490907586
        3.2447209112        1.9243783789
        3.3210201339        2.8339727756
        3.3973193566        3.1785125154
        3.4736185793        3.7252123832
        3.5499178020        4.8530937447
        3.6262170247        7.2661660403
        3.7025162473        6.6432750257
        3.7788154700        4.6651116214
        3.8551146927        7.5052722946
        3.9314139154        2.4549023410
        4.0077131381        0.7585372364
        4.0840123608        0.5250051776
        4.1603115835        0.4408397971
        4.2366108062        0.3871837966
        4.3129100288        0.1230458181
        4.3892092515        0.0000000000
        4.4655084742        0.0000000000
        4.5418076969        0.1915299853
        4.6181069196        2.3425514839
        4.6944061423        3.1555134983
        4.7707053650        2.9436178694
        4.8470045876        3.1393922331
        4.9233038103        3.5636853265
        4.9996030330        4.0338329334
        5.0759022557        3.4707868958
        5.1522014784        2.7824890006
        5.2285007011        0.6808269371
        5.3047999238        0.0624690226
        5.3810991465        0.0000000000
        5.4573983691        0.2556314253
        5.5336975918        0.5221251319
        5.6099968145        1.8948490820
        5.6862960372        2.8983533580
        5.7625952599        2.9884720394
        5.8388944826        2.8775386852
        5.9151937053        4.4817529671
        5.9914929280        2.5718570539
        6.0677921506        2.0313856972
        6.1440913733        1.5051406915
        6.2203905960        1.4977627839
        6.2966898187        0.9498089537
        6.3729890414        0.6284392151
        6.4492882641        0.4985550517
        6.5255874868        0.4537294254
        6.6018867094        2.0760359715
        6.6781859321        6.0093722901
        6.7544851548        6.4644091382
        6.8307843775        4.1848956467
        6.9070836002        5.3061005905
        6.9833828229        2.1980252607
        7.0596820456        0.5691229602
        7.1359812683        0.1329547092
        7.2122804909        0.0000000000
        7.2885797136        0.0000000000
        7.3648789363        0.0000000000
        7.4411781590        0.0000000000
        7.5174773817        0.0000000000
        7.5937766044        0.9101434588
        7.6700758271        4.6980402384
        7.7463750498        7.5558433869
        7.8226742724        7.3005438757
        7.8989734951        4.8304722123
        7.9752727178        4.8078437129
        8.0515719405        5.2490253438
        8.1278711632        6.2035085920
        8.2041703859        4.9378032227
        8.2804696086        4.6637703054
        8.3567688313        2.7809618931
        8.4330680539        3.0062242653
        8.5093672766        4.7288439164
        8.5856664993        3.2017416210
        8.6619657220        2.2220458793
        8.7382649447        2.2469280043
        8.8145641674        2.4500398245
        8.8908633901        3.0062467381
        8.9671626127        3.5364571592
        9.0434618354        5.4352259877
        9.1197610581        6.0437707245
        9.1960602808        3.5238192387
        9.2723595035        4.5368568802
        9.3486587262        3.1428625085
        9.4249579489        1.9706073071
        9.5012571716        3.1742233013
        9.5775563942        3.2801862769
        9.6538556169        2.5660735589
        9.7301548396        2.3069526977
        9.8064540623        3.1406093959
        9.8827532850        4.0279040555
        9.9590525077        6.5734656316
       10.0353517304        3.9908673605
       10.1116509531        1.6969733369
       10.1879501757        1.4418101707
       10.2642493984        1.1968899708
       10.3405486211        1.6675671076
       10.4168478438        1.7771463690
       10.4931470665        1.5195258762
       10.5694462892        1.5660125848
       10.6457455119        1.6223051572
       10.7220447346        1.7477987445
       10.7983439572        1.9709357375
       10.8746431799        2.4017813405
       10.9509424026        2.6662741805
       11.0272416253        1.5084898470
       11.1035408480        1.0953100621
       11.1798400707        0.9070378559
       11.2561392934        0.7360867784
       11.3324385160        0.0000000000
       11.4087377387        0.0000000000
       11.4850369614        0.0000000000
       11.5613361841        0.0000000000
       11.6376354068        0.0000000000
       11.7139346295        0.0000000000
       11.7902338522        0.0000000000
       11.8665330749        0.0000000000
       11.9428322975        0.0000000000
       12.0191315202        0.0000000000
       12.0954307429        0.0000000000
       12.1717299656        0.0000000000
       12.2480291883        0.0000000000
       12.3243284110        0.0000000000
       12.4006276337        0.0000000000
       12.4769268564        0.0000000000
       12.5532260790        0.0000000000
