# Tetrahedron method
       -2.7742211185        0.0000000000
       -2.7066848080        0.0000000000
       -2.6391484975        0.0000000000
       -2.5716121870        0.0000000000
       -2.5040758764        0.0000000000
       -2.4365395659        0.0000000000
       -2.3690032554        0.0000000000
       -2.3014669449        0.0000000000
       -2.2339306344        0.0000000000
       -2.1663943238        0.0000000000
       -2.0988580133        0.0000000000
       -2.0313217028        0.0000000000
       -1.9637853923        0.0000000000
       -1.8962490818        0.0000000000
       -1.8287127712        0.0000000000
       -1.7611764607        0.0000000000
       -1.6936401502        0.0000000000
       -1.6261038397        0.1723422640
       -1.5585675291        0.6550192675
       -1.4910312186        1.2765566171
       -1.4234949081        1.0153971455
       -1.3559585976        0.8699344266
       -1.2884222871        0.8287360694
       -1.2208859765        0.8889983417
       -1.1533496660        1.0249516591
       -1.0858133555        1.1092428082
       -1.0182770450        1.1518862049
       -0.9507407345        1.2172165751
       -0.8832044239        1.2191882703
       -0.8156681134        1.1788917942
       -0.7481318029        1.1213083853
       -0.6805954924        1.0544941945
       -0.6130591818        1.0815433684
       -0.5455228713        1.0267761517
       -0.4779865608        0.9687186594
       -0.4104502503        0.9918317959
       -0.3429139398        0.8454258210
       -0.2753776292        0.7113691048
       -0.2078413187        0.5791926398
       -0.1403050082        0.5265709973
       -0.0727686977        0.5062716375
       -0.0052323872        0.4986229834
        0.0623039234        0.4952918772
        0.1298402339        0.4920187218
        0.1973765444        0.5248572960
        0.2649128549        0.6130215160
        0.3324491655        0.8162827314
        0.3999854760        1.1184156668
        0.4675217865        1.5700130164
        0.5350580970        1.9774616616
        0.6025944075        2.1994198379
        0.6701307181        2.2570046162
        0.7376670286        2.1770473223
        0.8052033391        2.2015405847
        0.8727396496        1.9839203821
        0.9402759601        1.9434605553
        1.0078122707        2.0265924424
        1.0753485812        2.5990064820
        1.1428848917        2.4002655945
        1.2104212022        2.3241277681
        1.2779575128        3.5746025993
        1.3454938233        3.1594041437
        1.4130301338        3.2292222880
        1.4805664443        2.7665519988
        1.5481027548        2.0560386314
        1.6156390654        1.5839355939
        1.6831753759        1.9312094672
        1.7507116864        2.4619057706
        1.8182479969        3.2667680720
        1.8857843074        3.5252600669
        1.9533206180        4.0511894880
        2.0208569285        2.3219716069
        2.0883932390        3.7714052303
        2.1559295495        4.4083766198
        2.2234658600        5.3640425370
        2.2910021706        5.7220845732
        2.3585384811        3.1064728696
        2.4260747916        3.8721761947
        2.4936111021        3.7302327976
        2.5611474127        1.6815911019
        2.6286837232        0.8652108290
        2.6962200337        0.0707003689
        2.7637563442        0.0000000000
        2.8312926547        0.0000000000
        2.8988289653        0.0000000000
        2.9663652758        0.0000000000
        3.0339015863        0.0000000000
        3.1014378968        0.0000000000
        3.1689742073        0.0000000000
        3.2365105179        0.0000000000
        3.3040468284        0.0000000000
        3.3715831389        0.3130208338
        3.4391194494        2.4885163572
        3.5066557600        2.5898933686
        3.5741920705        2.6571897485
        3.6417283810        2.7563945218
        3.7092646915        1.5092065111
        3.7768010020        1.0462429247
        3.8443373126        0.7320199618
        3.9118736231        0.4872453850
        3.9794099336        0.2899324874
        4.0469462441        0.0157938814
        4.1144825546        0.0000000000
        4.1820188652        0.0000000000
        4.2495551757        0.0000000000
        4.3170914862        0.0000000000
        4.3846277967        0.0000000000
        4.4521641073        0.0000000000
        4.5197004178        0.0000000000
        4.5872367283        0.0000000000
        4.6547730388        0.0000000000
        4.7223093493        0.0000000000
        4.7898456599        0.0000000000
        4.8573819704        0.0000000000
        4.9249182809        0.5659134511
        4.9924545914        0.8852201240
        5.0599909019        1.2773156285
        5.1275272125        1.9680246347
        5.1950635230        3.7264689657
        5.2625998335        3.7030572030
        5.3301361440        2.9888437640
        5.3976724545        1.0060222800
        5.4652087651        4.5395150148
        5.5327450756        4.6947063722
        5.6002813861        4.6968507832
        5.6678176966        0.3725449961
        5.7353540072        0.2169954077
        5.8028903177        0.1367750553
        5.8704266282        0.0801228827
        5.9379629387        0.0307176975
        6.0054992492        0.0000000000
        6.0730355598        0.0000000000
        6.1405718703        0.5794888148
        6.2081081808        0.6309928620
        6.2756444913        0.6850674147
        6.3431808018        0.7460692368
        6.4107171124        0.8193551496
        6.4782534229        0.9132670852
        6.5457897334        1.0384699429
        6.6133260439        1.2351835028
        6.6808623545        1.6490779985
        6.7483986650        2.3830113083
        6.8159349755        2.1056329522
        6.8834712860        2.1975355926
        6.9510075965        0.2214411346
        7.0185439071        0.2180773021
        7.0860802176        0.5453779209
        7.1536165281        1.0549020197
        7.2211528386        1.3571455769
        7.2886891491        2.0053702164
        7.3562254597        2.4240141377
        7.4237617702        2.2765235619
        7.4912980807        2.1169058147
        7.5588343912        1.6510967173
        7.6263707018        2.3650616888
        7.6939070123        2.9400085563
        7.7614433228        2.9385410300
        7.8289796333        3.1967858152
        7.8965159438        3.7226636570
        7.9640522544        2.9580355131
        8.0315885649        3.4880216921
        8.0991248754        3.9249566793
        8.1666611859        3.8924214316
        8.2341974964        8.3107508525
        8.3017338070       10.1316953529
        8.3692701175        4.7748104442
        8.4368064280        5.3965962527
        8.5043427385        2.9632386015
        8.5718790491        3.4085337486
        8.6394153596        4.9219506249
        8.7069516701        5.3132506413
        8.7744879806        4.3926291776
        8.8420242911        5.6530452947
        8.9095606017        6.0921195969
        8.9770969122        3.5525615656
        9.0446332227        3.1508943287
        9.1121695332        2.7330355314
        9.1797058437        2.3478176249
        9.2472421543        0.7474125476
        9.3147784648        0.4664664321
        9.3823147753        4.8036869527
        9.4498510858        4.0836742874
        9.5173873963        5.5396407499
        9.5849237069        2.8156941592
        9.6524600174        0.0000000000
        9.7199963279        0.0000000000
        9.7875326384        0.0000000000
        9.8550689490        0.0000000000
        9.9226052595        0.0000000000
        9.9901415700        0.0000000000
       10.0576778805        0.0000000000
       10.1252141910        0.0000000000
       10.1927505016        0.0000000000
       10.2602868121        0.0000000000
       10.3278231226        0.0000000000
       10.3953594331        0.0000000000
       10.4628957436        0.0000000000
       10.5304320542        0.0000000000
       10.5979683647        0.0000000000
       10.6655046752        0.0000000000
       10.7330409857        0.0000000000
