Index	e_above_hull	formation_energy	Li_fraction	Ga_fraction	Sn_fraction
mp-0	0.223250	0.223250	0.000000	0.000000	1.000000
mp-1	0.002834	-0.220070	0.250000	0.750000	0.000000
mp-2	0.225914	0.225914	0.000000	0.000000	1.000000
mp-3	0.038363	0.038363	0.000000	1.000000	0.000000
mp-4	0.080461	-0.355735	0.777778	0.000000	0.222222
mp-5	0.086967	0.086967	0.000000	0.250000	0.750000
mp-6	0.010714	0.010714	1.000000	0.000000	0.000000
mp-7	0.000000	-0.258320	0.300000	0.700000	0.000000
mp-8	0.039643	-0.170618	0.250000	0.000000	0.750000
mp-9	0.220699	0.220699	0.000000	0.000000	1.000000
mp-10	0.049676	-0.309111	0.666667	0.333333	0.000000
mp-11	0.019838	0.019838	0.000000	1.000000	0.000000
mp-12	0.095361	0.095361	0.000000	0.250000	0.750000
mp-13	0.010587	0.010587	1.000000	0.000000	0.000000
mp-14	0.068565	-0.218150	0.750000	0.250000	0.000000
mp-15	0.074543	-0.345978	0.500000	0.000000	0.500000
mp-16	0.071481	-0.292016	0.814815	0.000000	0.185185
mp-17	0.176132	0.176132	0.000000	0.000000	1.000000
mp-18	0.068822	-0.217893	0.750000	0.250000	0.000000
mp-19	0.180495	0.180495	0.000000	0.000000	1.000000
mp-20	0.003461	0.003461	0.000000	1.000000	0.000000
mp-21	0.010531	0.010531	1.000000	0.000000	0.000000
mp-22	0.048367	0.048367	0.000000	0.750000	0.250000
mp-23	0.000000	0.000000	1.000000	0.000000	0.000000
mp-24	0.055330	-0.335270	0.600000	0.400000	0.000000
mp-25	0.072555	-0.347966	0.500000	0.000000	0.500000
mp-26	0.000000	0.000000	0.000000	0.000000	1.000000
mp-27	0.026003	-0.172134	0.222222	0.777778	0.000000
mp-28	0.020736	0.020736	0.000000	1.000000	0.000000
mp-29	0.095662	0.095662	0.000000	0.250000	0.750000
mp-30	0.235816	0.235816	1.000000	0.000000	0.000000
mp-31	0.033770	-0.123574	0.176471	0.823529	0.000000
mp-32	0.074880	-0.381151	0.700000	0.000000	0.300000
mp-33	0.062789	-0.311094	0.809524	0.000000	0.190476
mp-34	0.164337	0.164337	0.000000	0.000000	1.000000
mp-35	0.178385	-0.100991	0.333333	0.666667	0.000000
mp-36	0.012015	0.012015	0.000000	1.000000	0.000000
mp-37	0.020847	0.020847	0.000000	1.000000	0.000000
mp-38	0.015143	0.015143	1.000000	0.000000	0.000000
mp-39	1.134708	0.723445	0.500000	0.250000	0.250000
mp-40	0.051098	0.051098	1.000000	0.000000	0.000000
mp-41	0.081133	-0.378844	0.722222	0.000000	0.277778
mp-42	0.000000	-0.222903	0.250000	0.750000	0.000000
mp-43	0.169804	0.169804	0.000000	0.000000	1.000000
mp-44	0.038789	0.038789	0.000000	1.000000	0.000000
mp-45	0.019396	0.019396	0.000000	0.750000	0.250000
mp-46	0.005475	0.005475	1.000000	0.000000	0.000000
mp-47	0.050903	-0.337055	0.555556	0.444444	0.000000
mp-48	0.026066	-0.214232	0.285714	0.000000	0.714286
mp-49	0.074313	-0.382256	0.750000	0.000000	0.250000
mp-50	0.045324	0.045324	0.000000	0.000000	1.000000
mp-51	0.044638	-0.340019	0.500000	0.500000	0.000000
mp-52	0.027972	0.027972	0.000000	1.000000	0.000000
mp-53	0.026749	0.026749	0.000000	0.750000	0.250000
mp-54	0.009886	0.009886	1.000000	0.000000	0.000000
mp-55	0.008526	-0.214378	0.250000	0.750000	0.000000
mp-56	0.084308	-0.374259	0.714286	0.000000	0.285714
O-0	0.000000	-0.385525	0.333333	0.333333	0.333333
O-1	0.003592	-0.312083	0.722222	0.277778	0.000000
O-2	0.000000	-0.390600	0.600000	0.400000	0.000000
O-3	0.000000	-0.221556	0.812500	0.187500	0.000000
O-4	0.005947	-0.304462	0.727273	0.272727	0.000000
O-5	0.010568	-0.409953	0.500000	0.000000	0.500000
O-6	0.027601	-0.259114	0.750000	0.250000	0.000000
O-7	0.000000	-0.323949	0.714286	0.285714	0.000000
O-8	0.003378	-0.331023	0.700000	0.300000	0.000000
O-9	0.003075	-0.381582	0.500000	0.500000	0.000000
O-10	0.005154	-0.334874	0.692308	0.307692	0.000000
O-11	0.001158	-0.383499	0.500000	0.500000	0.000000
O-12	0.000000	-0.358787	0.666667	0.333333	0.000000
O-13	0.000000	-0.384657	0.500000	0.500000	0.000000
O-14	0.023258	-0.335528	0.666667	0.333333	0.000000
O-15	0.000000	-0.460873	0.727273	0.000000	0.272727
O-16	0.000000	-0.436196	0.777778	0.000000	0.222222
O-17	0.000000	-0.456568	0.750000	0.000000	0.250000
a-0	0.044535	-0.242179	0.750000	0.250000	0.000000
a-1	0.054015	-0.336585	0.600000	0.400000	0.000000
a-2	0.030392	-0.354265	0.500000	0.500000	0.000000
a-3	0.046694	-0.240021	0.750000	0.250000	0.000000
a-4	0.046756	-0.312031	0.666667	0.333333	0.000000
a-5	0.049963	-0.308824	0.666667	0.333333	0.000000
a-6	0.024041	-0.360616	0.500000	0.500000	0.000000
a-7	0.069097	-0.351424	0.500000	0.000000	0.500000
a-8	0.009343	-0.364540	0.809524	0.000000	0.190476
a-9	0.000000	-0.420521	0.500000	0.000000	0.500000
gen-1-0	0.122197	-0.294647	0.750000	0.083333	0.166667
gen-1-1	0.039349	-0.245705	0.315789	0.631579	0.052632
gen-1-2	0.088640	-0.327944	0.500000	0.200000	0.300000
gen-1-3	0.057389	-0.296242	0.750000	0.166667	0.083333
gen-1-4	0.105649	-0.314309	0.533333	0.200000	0.266667
gen-1-5	0.090284	-0.245982	0.384615	0.538462	0.076923
gen-1-6	0.095746	-0.289201	0.444444	0.444444	0.111111
gen-1-7	0.081788	-0.270405	0.400000	0.050000	0.550000
gen-1-8	0.088590	-0.298498	0.750000	0.125000	0.125000
gen-1-9	0.078060	-0.355906	0.583333	0.083333	0.333333
gen-1-10	0.061700	-0.331826	0.500000	0.416667	0.083333
gen-1-11	0.086130	-0.343766	0.571429	0.142857	0.285714
gen-1-12	0.100658	-0.345212	0.666667	0.083333	0.250000
gen-1-13	0.093985	-0.322599	0.500000	0.200000	0.300000
gen-1-14	0.083656	-0.327607	0.500000	0.250000	0.250000
gen-1-15	0.067350	-0.334225	0.700000	0.200000	0.100000
gen-1-16	0.090121	-0.289249	0.727273	0.181818	0.090909
gen-1-17	0.095309	-0.334587	0.571429	0.142857	0.285714
gen-1-18	0.093718	-0.317545	0.500000	0.250000	0.250000
gen-1-19	0.058018	-0.300535	0.416667	0.500000	0.083333
gen-1-20	0.100884	-0.326233	0.545455	0.090909	0.363636
gen-1-21	0.155281	-0.230244	0.333333	0.333333	0.333333
gen-1-22	0.038196	-0.038909	0.066667	0.800000	0.133333
gen-1-23	0.104346	-0.328538	0.666667	0.166667	0.166667
gen-1-24	0.090976	-0.323716	0.571429	0.285714	0.142857
gen-1-25	0.095681	-0.309552	0.733333	0.133333	0.133333
gen-1-26	0.067657	-0.353171	0.625000	0.250000	0.125000
gen-1-27	0.074895	-0.270607	0.375000	0.500000	0.125000
gen-1-28	0.101793	-0.307709	0.454545	0.181818	0.363636
gen-1-29	0.087660	-0.244790	0.333333	0.500000	0.166667
gen-1-30	0.082868	-0.275686	0.416667	0.500000	0.083333
gen-1-31	0.112473	-0.336674	0.692308	0.076923	0.230769
gen-1-32	0.085631	-0.328299	0.555556	0.277778	0.166667
gen-1-33	0.090722	-0.320541	0.500000	0.250000	0.250000
gen-1-34	0.052296	-0.175396	0.842105	0.105263	0.052632
gen-1-35	0.108297	-0.276881	0.400000	0.400000	0.200000
gen-1-36	0.104653	-0.280872	0.333333	0.333333	0.333333
gen-1-37	0.143627	-0.241898	0.333333	0.333333	0.333333
gen-1-38	0.130236	-0.228994	0.333333	0.250000	0.416667
gen-1-39	0.071944	-0.217454	0.300000	0.600000	0.100000
gen-1-40	0.096492	-0.288685	0.400000	0.400000	0.200000
gen-1-41	0.091568	-0.326250	0.500000	0.166667	0.333333
gen-1-42	0.079420	-0.349163	0.555556	0.111111	0.333333
gen-1-43	0.093603	-0.343051	0.600000	0.100000	0.300000
gen-1-44	0.082519	-0.318804	0.526316	0.368421	0.105263
gen-1-45	0.116132	-0.288232	0.428571	0.214286	0.357143
gen-1-46	0.072834	-0.325126	0.500000	0.375000	0.125000
gen-1-47	0.134222	-0.261598	0.400000	0.300000	0.300000
gen-1-48	0.044769	0.044769	0.000000	0.800000	0.200000
gen-1-49	0.136978	-0.213164	0.333333	0.444444	0.222222
gen-1-50	0.082266	-0.328997	0.500000	0.250000	0.250000
gen-1-51	0.076610	-0.276723	0.400000	0.500000	0.100000
gen-1-52	0.096596	-0.288433	0.428571	0.428571	0.142857
gen-1-53	0.169234	-0.216290	0.333333	0.333333	0.333333
gen-1-54	0.076665	-0.327370	0.611111	0.333333	0.055556
gen-1-55	0.061099	-0.253659	0.333333	0.555556	0.111111
gen-1-56	0.107633	-0.299421	0.444444	0.222222	0.333333
gen-1-57	0.081079	-0.251371	0.333333	0.500000	0.166667
gen-1-58	0.097647	-0.234803	0.333333	0.500000	0.166667
gen-1-59	0.075459	-0.351247	0.600000	0.200000	0.200000
gen-1-60	0.067383	-0.328340	0.526316	0.421053	0.052632
gen-1-61	0.080706	-0.323065	0.545455	0.363636	0.090909
gen-1-62	0.076070	-0.361149	0.625000	0.125000	0.250000
gen-1-63	0.098117	-0.335125	0.727273	0.090909	0.181818
gen-1-64	0.090645	-0.341677	0.636364	0.181818	0.181818
gen-1-65	0.105135	-0.289433	0.454545	0.363636	0.181818
gen-1-66	0.099243	-0.343670	0.666667	0.111111	0.222222
gen-1-67	0.070855	-0.362029	0.666667	0.166667	0.166667
gen-1-68	0.075889	-0.239517	0.333333	0.111111	0.555556
gen-1-69	0.112319	-0.314387	0.600000	0.200000	0.200000
gen-1-70	0.009661	-0.213243	0.250000	0.750000	0.000000
gen-1-71	0.105451	-0.327434	0.666667	0.166667	0.166667
gen-1-72	0.068978	-0.339793	0.583333	0.333333	0.083333
gen-1-73	0.091329	-0.335377	0.600000	0.200000	0.200000
gen-1-74	0.109106	-0.323778	0.666667	0.166667	0.166667
gen-1-75	0.093133	-0.320797	0.555556	0.277778	0.166667
gen-1-76	0.085183	-0.333986	0.500000	0.083333	0.416667
gen-1-77	0.068276	-0.334118	0.500000	0.333333	0.166667
gen-1-78	0.128396	-0.160747	0.250000	0.500000	0.250000
gen-1-79	0.087594	-0.323669	0.500000	0.250000	0.250000
gen-1-80	0.062022	-0.335938	0.500000	0.375000	0.125000
gen-1-81	0.087161	-0.331333	0.500000	0.125000	0.375000
gen-1-82	0.067983	-0.325543	0.500000	0.416667	0.083333
gen-1-83	0.076285	-0.369585	0.666667	0.083333	0.250000
gen-1-84	0.050254	-0.299309	0.444444	0.555556	0.000000
gen-1-85	0.087977	-0.338018	0.642857	0.214286	0.142857
gen-1-86	0.096941	-0.303940	0.450000	0.300000	0.250000
gen-1-87	0.111545	-0.325543	0.650000	0.150000	0.200000
gen-1-88	0.093131	-0.335436	0.583333	0.166667	0.250000
gen-1-89	0.080781	-0.325161	0.500000	0.300000	0.200000
gen-1-90	0.089283	-0.329211	0.500000	0.125000	0.375000
gen-1-91	0.075561	-0.317965	0.500000	0.416667	0.083333
gen-1-92	0.089685	-0.337281	0.550000	0.150000	0.300000
gen-1-93	0.086245	-0.351220	0.600000	0.050000	0.350000
gen-1-94	0.109956	-0.301307	0.500000	0.250000	0.250000
gen-1-95	0.093412	-0.343879	0.611111	0.111111	0.277778
gen-1-96	0.100667	-0.267303	0.400000	0.100000	0.500000
gen-1-97	0.140653	-0.244871	0.333333	0.333333	0.333333
gen-1-98	0.070087	-0.325212	0.500000	0.400000	0.100000
gen-1-99	0.081453	-0.306224	0.437500	0.062500	0.500000
gen-1-100	0.113696	-0.117619	0.200000	0.500000	0.300000
gen-1-101	0.080572	-0.330691	0.500000	0.250000	0.250000
gen-1-102	0.094177	-0.323641	0.500000	0.166667	0.333333
gen-1-103	0.087738	-0.318203	0.500000	0.300000	0.200000
gen-1-104	0.077009	-0.356166	0.615385	0.153846	0.230769
gen-1-105	0.098051	-0.287126	0.400000	0.400000	0.200000
gen-1-106	0.075946	-0.326448	0.500000	0.333333	0.166667
gen-1-107	0.088566	-0.322698	0.500000	0.250000	0.250000
gen-1-108	0.083654	-0.269976	0.750000	0.166667	0.083333
gen-1-109	0.059131	-0.338829	0.500000	0.375000	0.125000
gen-1-110	0.066878	-0.268233	0.375000	0.062500	0.562500
gen-1-111	0.076451	-0.324170	0.500000	0.350000	0.150000
gen-1-112	0.093998	-0.322524	0.650000	0.250000	0.100000
gen-1-113	0.105795	-0.313903	0.583333	0.250000	0.166667
gen-1-114	0.103150	-0.275337	0.400000	0.133333	0.466667
gen-1-115	0.003114	-0.276262	0.333333	0.666667	0.000000
gen-1-116	0.092837	-0.327006	0.555556	0.222222	0.222222
gen-1-117	0.111402	-0.221049	0.333333	0.500000	0.166667
gen-1-118	0.144941	-0.240584	0.333333	0.333333	0.333333
gen-1-119	0.091410	-0.351504	0.666667	0.111111	0.222222
gen-1-120	0.087776	-0.252133	0.357143	0.500000	0.142857
gen-1-121	0.101131	-0.328765	0.571429	0.142857	0.285714
gen-1-122	0.071415	-0.330980	0.500000	0.333333	0.166667
gen-1-123	0.104064	-0.315779	0.555556	0.222222	0.222222
gen-1-124	0.129538	-0.268098	0.411765	0.294118	0.294118
gen-1-125	0.056119	-0.244487	0.333333	0.600000	0.066667
gen-1-126	0.163749	-0.221776	0.333333	0.333333	0.333333
gen-1-127	0.112005	-0.220445	0.333333	0.500000	0.166667
gen-1-128	0.081451	-0.342789	0.562500	0.187500	0.250000
gen-1-129	0.079726	-0.328291	0.555556	0.333333	0.111111
gen-1-130	0.112347	-0.284424	0.444444	0.333333	0.222222
gen-1-131	0.091014	-0.345640	0.600000	0.100000	0.300000
gen-1-132	0.094121	-0.332586	0.600000	0.200000	0.200000
gen-1-133	0.099742	-0.318347	0.500000	0.150000	0.350000
gen-1-134	0.103373	-0.290586	0.416667	0.333333	0.250000
gen-1-135	0.008003	-0.103449	0.125000	0.875000	0.000000
gen-1-136	0.105778	-0.322789	0.583333	0.166667	0.250000
gen-1-137	0.081564	-0.295164	0.416667	0.083333	0.500000
gen-1-138	0.112589	-0.272502	0.416667	0.416667	0.166667
gen-1-139	0.102797	-0.327099	0.571429	0.142857	0.285714
gen-1-140	0.090215	-0.321048	0.500000	0.250000	0.250000
gen-1-141	0.105761	-0.322296	0.722222	0.111111	0.166667
gen-1-142	0.048670	-0.066987	0.100000	0.800000	0.100000
gen-1-143	0.092494	-0.330626	0.545455	0.181818	0.272727
gen-1-144	0.076927	-0.349780	0.600000	0.200000	0.200000
gen-1-145	0.099073	-0.337581	0.600000	0.100000	0.300000
gen-1-146	0.134927	-0.221490	0.363636	0.454545	0.181818
gen-1-147	0.087720	-0.342176	0.571429	0.142857	0.285714
gen-1-148	0.134116	-0.251062	0.400000	0.400000	0.200000
gen-1-149	0.045899	-0.259927	0.350000	0.600000	0.050000
gen-1-150	0.078494	-0.350090	0.555556	0.111111	0.333333
gen-1-151	0.084139	-0.330553	0.571429	0.285714	0.142857
gen-1-152	0.074675	-0.381893	0.750000	0.000000	0.250000
gen-1-153	0.094298	-0.290879	0.400000	0.400000	0.200000
gen-1-154	0.096119	-0.315144	0.500000	0.250000	0.250000
gen-1-155	0.089195	-0.329300	0.500000	0.125000	0.375000
gen-1-156	0.087363	-0.318579	0.500000	0.300000	0.200000
gen-1-157	0.072867	-0.347654	0.500000	0.000000	0.500000
gen-1-158	0.031814	-0.096198	0.125000	0.812500	0.062500
gen-1-159	0.112462	-0.272629	0.416667	0.416667	0.166667
gen-1-160	0.118157	-0.266872	0.428571	0.428571	0.142857
gen-1-161	0.060420	-0.324237	0.500000	0.500000	0.000000
gen-1-162	0.163558	-0.221967	0.333333	0.333333	0.333333
gen-1-163	0.006110	-0.172213	0.200000	0.800000	0.000000
gen-1-164	0.088394	-0.322869	0.500000	0.250000	0.250000
gen-1-165	0.104011	-0.325885	0.571429	0.142857	0.285714
gen-1-166	0.098889	-0.321069	0.533333	0.200000	0.266667
gen-1-167	0.093742	-0.330536	0.533333	0.133333	0.333333
gen-1-168	0.116545	-0.268546	0.416667	0.416667	0.166667
gen-1-169	0.088328	-0.325336	0.636364	0.272727	0.090909
gen-1-170	0.104825	-0.280699	0.333333	0.333333	0.333333
gen-1-171	0.091647	-0.319616	0.500000	0.250000	0.250000
gen-1-172	0.105204	-0.279974	0.400000	0.400000	0.200000
gen-1-173	0.062832	-0.221033	0.300000	0.100000	0.600000
gen-1-174	0.088827	-0.331016	0.555556	0.222222	0.222222
gen-1-175	0.088367	-0.302959	0.444444	0.055556	0.500000
gen-1-176	0.102373	-0.317325	0.583333	0.250000	0.166667
gen-1-177	0.163356	-0.222168	0.333333	0.333333	0.333333
gen-1-178	0.097075	-0.332516	0.562500	0.125000	0.312500
gen-1-179	0.087598	-0.358272	0.666667	0.083333	0.250000
gen-1-180	0.080776	-0.338394	0.500000	0.083333	0.416667
gen-1-181	0.053919	-0.263243	0.357143	0.571429	0.071429
gen-1-182	0.096973	-0.314290	0.500000	0.250000	0.250000
gen-1-183	0.078921	-0.345319	0.562500	0.187500	0.250000
gen-1-184	0.078196	-0.342325	0.500000	0.000000	0.500000
gen-1-185	0.110667	-0.289565	0.428571	0.285714	0.285714
gen-1-186	0.092630	-0.300414	0.461538	0.384615	0.153846
gen-1-187	0.011023	-0.137579	0.166667	0.833333	0.000000
gen-1-188	0.098609	-0.286482	0.416667	0.416667	0.166667
gen-1-189	0.086719	-0.331099	0.500000	0.166667	0.333333
gen-1-190	0.075694	-0.351012	0.600000	0.200000	0.200000
gen-1-191	0.053518	-0.267970	0.400000	0.600000	0.000000
gen-1-192	0.167845	-0.217679	0.333333	0.333333	0.333333
gen-1-193	0.099070	-0.297701	0.444444	0.333333	0.222222
gen-1-194	0.111992	-0.279642	0.437500	0.375000	0.187500
gen-1-195	0.108577	-0.311334	0.714286	0.142857	0.142857
gen-1-196	0.079762	-0.252689	0.333333	0.500000	0.166667
gen-1-197	0.065951	-0.325635	0.777778	0.055556	0.166667
gen-1-198	0.076768	-0.323092	0.500000	0.357143	0.142857
gen-2-0	0.032466	-0.044639	0.066667	0.866667	0.066667
gen-2-1	0.074889	-0.327505	0.500000	0.333333	0.166667
gen-2-2	0.113448	-0.271730	0.400000	0.400000	0.200000
gen-2-3	0.098205	-0.234245	0.333333	0.500000	0.166667
gen-2-4	0.083709	-0.337119	0.625000	0.250000	0.125000
gen-2-5	0.076618	-0.274930	0.421053	0.526316	0.052632
gen-2-6	0.132118	-0.218024	0.333333	0.444444	0.222222
gen-2-7	0.108123	-0.324199	0.636364	0.181818	0.181818
gen-2-8	0.081896	-0.276657	0.416667	0.500000	0.083333
gen-2-9	0.041635	-0.035470	0.066667	0.800000	0.133333
gen-2-10	0.073705	-0.319821	0.500000	0.416667	0.083333
gen-2-11	0.000000	0.000000	0.000000	1.000000	0.000000
gen-2-12	0.151476	-0.234049	0.333333	0.333333	0.333333
gen-2-13	0.103500	-0.307763	0.500000	0.250000	0.250000
gen-2-14	0.084953	-0.357961	0.666667	0.111111	0.222222
gen-2-15	0.085813	-0.320129	0.500000	0.300000	0.200000
gen-2-16	0.099508	-0.333376	0.666667	0.166667	0.166667
gen-2-17	0.103681	-0.314138	0.500000	0.166667	0.333333
gen-2-18	0.082528	-0.272304	0.375000	0.125000	0.500000
gen-2-19	0.105829	-0.334720	0.666667	0.133333	0.200000
gen-2-20	0.090254	-0.327564	0.500000	0.166667	0.333333
gen-2-21	0.048727	-0.079781	0.111111	0.777778	0.111111
gen-2-22	0.104679	-0.304823	0.454545	0.181818	0.363636
gen-2-23	0.132283	-0.226704	0.333333	0.416667	0.250000
gen-2-24	0.068308	-0.329652	0.500000	0.375000	0.125000
gen-2-25	0.102402	-0.340512	0.666667	0.111111	0.222222
gen-2-26	0.114671	-0.174473	0.250000	0.250000	0.500000
gen-2-27	0.099546	-0.320374	0.666667	0.222222	0.111111
gen-2-28	0.125066	-0.286197	0.500000	0.250000	0.250000
gen-2-29	0.116167	-0.249238	0.375000	0.437500	0.187500
gen-2-30	0.082758	-0.336141	0.500000	0.100000	0.400000
gen-2-31	0.093537	-0.291641	0.400000	0.400000	0.200000
gen-2-32	0.050486	0.050486	0.000000	0.875000	0.125000
gen-2-33	0.077643	-0.350923	0.583333	0.166667	0.250000
gen-2-34	0.055505	-0.335095	0.600000	0.400000	0.000000
gen-2-35	0.102902	-0.329982	0.666667	0.166667	0.166667
gen-2-36	0.089030	-0.332615	0.550000	0.200000	0.250000
gen-2-37	0.114434	-0.287237	0.416667	0.250000	0.333333
gen-2-38	0.106411	-0.256792	0.363636	0.181818	0.454545
gen-2-39	0.097495	-0.319090	0.500000	0.200000	0.300000
gen-2-40	0.087527	-0.245409	0.333333	0.166667	0.500000
gen-2-41	0.122752	-0.288511	0.500000	0.250000	0.250000
gen-2-42	0.061724	-0.265744	0.363636	0.545455	0.090909
gen-2-43	0.085018	-0.326245	0.500000	0.250000	0.250000
gen-2-44	0.091068	-0.345586	0.600000	0.100000	0.300000
gen-2-45	0.092181	-0.327662	0.555556	0.222222	0.222222
gen-2-46	0.095904	-0.332679	0.555556	0.111111	0.333333
gen-2-47	0.104966	-0.337948	0.666667	0.111111	0.222222
gen-2-48	0.073917	-0.334854	0.583333	0.333333	0.083333
gen-2-49	0.078700	-0.341821	0.500000	0.000000	0.500000
gen-2-50	0.089547	-0.340348	0.571429	0.142857	0.285714
gen-2-51	0.107360	-0.312551	0.714286	0.142857	0.142857
gen-2-52	0.118467	-0.112848	0.200000	0.400000	0.400000
gen-2-53	0.122561	-0.273259	0.400000	0.300000	0.300000
gen-2-54	0.079167	-0.338422	0.562500	0.250000	0.187500
gen-2-55	0.099233	-0.257184	0.363636	0.454545	0.181818
gen-2-56	0.088925	-0.355802	0.642857	0.071429	0.285714
gen-2-57	0.080957	-0.347104	0.650000	0.200000	0.150000
gen-2-58	0.106672	-0.287897	0.454545	0.363636	0.181818
gen-2-59	0.118612	-0.266696	0.375000	0.375000	0.250000
gen-2-60	0.002564	-0.220339	0.250000	0.750000	0.000000
gen-2-61	0.068469	-0.346223	0.571429	0.285714	0.142857
gen-2-62	0.074670	-0.283884	0.416667	0.500000	0.083333
gen-2-63	0.027151	-0.252225	0.333333	0.666667	0.000000
gen-2-64	0.137525	-0.248000	0.333333	0.333333	0.333333
gen-2-65	0.079839	-0.235567	0.333333	0.111111	0.555556
gen-2-66	0.072482	-0.280851	0.400000	0.500000	0.100000
gen-2-67	0.074657	-0.362469	0.642857	0.142857	0.214286
gen-2-68	0.083607	-0.348420	0.600000	0.150000	0.250000
gen-2-69	0.099588	-0.285503	0.416667	0.416667	0.166667
gen-2-70	0.088268	-0.322995	0.500000	0.250000	0.250000
gen-2-71	0.095424	-0.289522	0.444444	0.444444	0.111111
gen-2-72	0.089330	-0.332964	0.571429	0.214286	0.214286
gen-2-73	0.138468	-0.247056	0.333333	0.333333	0.333333
gen-2-74	0.098937	-0.338189	0.642857	0.142857	0.214286
gen-2-75	0.085991	-0.333851	0.555556	0.222222	0.222222
gen-2-76	0.120653	-0.279580	0.428571	0.285714	0.285714
gen-2-77	0.093949	-0.354772	0.722222	0.055556	0.222222
gen-2-78	0.092604	-0.326565	0.500000	0.083333	0.416667
gen-2-79	0.063459	-0.356239	0.583333	0.250000	0.166667
gen-2-80	0.080619	-0.321776	0.500000	0.333333	0.166667
gen-2-81	0.096014	-0.195328	0.272727	0.545455	0.181818
gen-2-82	0.107968	-0.329157	0.642857	0.142857	0.214286
gen-2-83	0.089658	-0.328836	0.500000	0.125000	0.375000
gen-2-84	0.087703	-0.245233	0.333333	0.166667	0.500000
gen-2-85	0.088399	-0.320372	0.583333	0.333333	0.083333
gen-2-86	0.089996	-0.327823	0.500000	0.166667	0.333333
gen-2-87	0.018479	0.018479	0.000000	1.000000	0.000000
gen-2-88	0.103302	-0.293469	0.444444	0.333333	0.222222
gen-2-89	0.083417	-0.327846	0.500000	0.250000	0.250000
gen-2-90	0.089509	-0.305791	0.500000	0.400000	0.100000
gen-2-91	0.076755	-0.356129	0.666667	0.166667	0.166667
gen-2-92	0.011352	-0.246968	0.300000	0.700000	0.000000
gen-2-93	0.088706	-0.347948	0.600000	0.100000	0.300000
gen-2-94	0.109186	-0.323698	0.666667	0.166667	0.166667
gen-2-95	0.077168	-0.351398	0.583333	0.166667	0.250000
gen-2-96	0.007848	0.007848	0.000000	0.750000	0.250000
gen-2-97	0.074441	-0.358444	0.666667	0.166667	0.166667
gen-2-98	0.092152	-0.341814	0.583333	0.083333	0.333333
gen-2-99	0.084494	-0.326770	0.500000	0.250000	0.250000
gen-2-100	0.077376	-0.348089	0.611111	0.222222	0.166667
gen-2-101	0.162096	-0.223429	0.333333	0.333333	0.333333
gen-2-102	0.124012	-0.272759	0.444444	0.333333	0.222222
gen-2-103	0.103376	-0.316467	0.555556	0.222222	0.222222
gen-2-104	0.054992	-0.250921	0.333333	0.583333	0.083333
gen-2-105	0.086451	-0.340255	0.600000	0.200000	0.200000
gen-2-106	0.083608	-0.327655	0.500000	0.250000	0.250000
gen-2-107	0.086785	-0.341781	0.583333	0.166667	0.250000
gen-2-108	0.077751	-0.350815	0.583333	0.166667	0.250000
gen-2-109	0.087027	-0.259949	0.777778	0.111111	0.111111
gen-2-110	0.088502	-0.328082	0.500000	0.200000	0.300000
gen-2-111	0.080713	-0.325229	0.500000	0.300000	0.200000
gen-2-112	0.103465	-0.314354	0.500000	0.166667	0.333333
gen-2-113	0.059825	-0.319545	0.727273	0.181818	0.090909
gen-2-114	0.117576	-0.249968	0.388889	0.444444	0.166667
gen-2-115	0.116233	-0.317733	0.583333	0.083333	0.333333
gen-2-116	0.073958	-0.324002	0.500000	0.375000	0.125000
gen-2-117	0.089984	-0.312410	0.500000	0.333333	0.166667
gen-2-118	0.108075	-0.333922	0.636364	0.090909	0.272727
gen-2-119	0.065152	-0.354767	0.666667	0.222222	0.111111
gen-2-120	0.090684	-0.314997	0.550000	0.350000	0.100000
gen-2-121	0.087679	-0.348976	0.600000	0.100000	0.300000
gen-2-122	0.029842	0.029842	0.000000	0.714286	0.285714
gen-2-123	0.114639	-0.282132	0.444444	0.333333	0.222222
gen-2-124	0.104538	-0.227912	0.333333	0.500000	0.166667
gen-2-125	0.091857	-0.326637	0.500000	0.125000	0.375000
gen-2-126	0.077956	-0.320004	0.500000	0.375000	0.125000
gen-2-127	0.093072	-0.335511	0.555556	0.111111	0.333333
gen-2-128	0.088125	-0.323139	0.500000	0.250000	0.250000
gen-2-129	0.095277	-0.322541	0.500000	0.166667	0.333333
gen-2-130	0.064662	-0.271604	0.384615	0.538462	0.076923
gen-2-131	0.097405	-0.315458	0.533333	0.266667	0.200000
gen-2-132	0.065079	-0.280423	0.375000	0.500000	0.125000
gen-2-133	0.086046	-0.347920	0.583333	0.083333	0.333333
gen-2-134	0.030124	-0.354533	0.500000	0.500000	0.000000
gen-2-135	0.096606	-0.317613	0.500000	0.222222	0.277778
gen-2-136	0.044869	-0.200114	0.250000	0.666667	0.083333
gen-2-137	0.086598	-0.332301	0.500000	0.100000	0.400000
gen-2-138	0.086727	-0.331092	0.500000	0.166667	0.333333
gen-2-139	0.083629	-0.336213	0.555556	0.222222	0.222222
gen-2-140	0.089858	-0.332435	0.571429	0.214286	0.214286
gen-2-141	0.081431	-0.320963	0.500000	0.333333	0.166667
gen-2-142	0.112585	-0.314121	0.600000	0.200000	0.200000
gen-2-143	0.088379	-0.330115	0.500000	0.125000	0.375000
gen-2-144	0.088866	-0.339701	0.583333	0.166667	0.250000
gen-2-145	0.118930	-0.277841	0.444444	0.333333	0.222222
gen-2-146	0.089635	-0.344330	0.583333	0.083333	0.333333
gen-2-147	0.100712	-0.317106	0.500000	0.166667	0.333333
gen-2-148	0.084986	-0.340769	0.555556	0.166667	0.277778
gen-2-149	0.060335	-0.016770	0.066667	0.866667	0.066667
gen-2-150	0.096459	-0.349411	0.666667	0.083333	0.250000
gen-2-151	0.084174	-0.318220	0.500000	0.333333	0.166667
gen-2-152	0.098560	-0.233890	0.333333	0.500000	0.166667
gen-2-153	0.095857	-0.315406	0.500000	0.250000	0.250000
gen-2-154	0.085424	-0.316971	0.500000	0.333333	0.166667
gen-2-155	0.122182	-0.210268	0.333333	0.500000	0.166667
gen-2-156	0.087880	-0.143435	0.200000	0.200000	0.600000
gen-2-157	0.033071	-0.103475	0.133333	0.800000	0.066667
gen-2-158	0.085025	-0.352193	0.625000	0.125000	0.250000
gen-2-159	0.073148	-0.322151	0.500000	0.400000	0.100000
gen-2-160	0.097338	-0.328418	0.555556	0.166667	0.277778
gen-2-161	0.076627	-0.348839	0.611111	0.222222	0.166667
gen-2-162	0.048113	-0.237752	0.818182	0.090909	0.090909
gen-2-163	0.117454	-0.278366	0.400000	0.300000	0.300000
gen-2-164	0.097336	-0.335548	0.666667	0.166667	0.166667
gen-2-165	0.071801	-0.321725	0.500000	0.416667	0.083333
gen-2-166	0.116162	-0.303680	0.555556	0.222222	0.222222
gen-2-167	0.116292	-0.268799	0.416667	0.416667	0.166667
gen-2-168	0.162312	-0.223213	0.333333	0.333333	0.333333
gen-2-169	0.054168	-0.251745	0.333333	0.583333	0.083333
gen-2-170	0.094005	-0.317258	0.500000	0.250000	0.250000
gen-2-171	0.055418	-0.335182	0.600000	0.400000	0.000000
gen-2-172	0.115542	-0.276092	0.437500	0.375000	0.187500
gen-2-173	0.135038	-0.223949	0.333333	0.416667	0.250000
gen-2-174	0.101165	-0.341749	0.666667	0.111111	0.222222
gen-2-175	0.087161	-0.330658	0.500000	0.166667	0.333333
gen-2-176	0.137110	-0.259661	0.444444	0.333333	0.222222
gen-2-177	0.093958	-0.302813	0.444444	0.333333	0.222222
gen-2-178	0.068658	-0.218057	0.750000	0.250000	0.000000
gen-2-179	0.089738	-0.316203	0.500000	0.300000	0.200000
gen-2-180	0.083287	-0.310238	0.500000	0.416667	0.083333
gen-2-181	0.063996	-0.242645	0.333333	0.083333	0.583333
gen-2-182	0.086089	-0.333609	0.583333	0.250000	0.166667
gen-2-183	0.088243	-0.330251	0.500000	0.125000	0.375000
gen-2-184	0.064486	-0.262982	0.363636	0.545455	0.090909
gen-2-185	0.085526	-0.325738	0.500000	0.250000	0.250000
gen-2-186	0.119661	-0.276159	0.400000	0.300000	0.300000
gen-2-187	0.093819	-0.238631	0.333333	0.500000	0.166667
gen-2-188	0.087711	-0.318231	0.500000	0.300000	0.200000
gen-2-189	0.104720	-0.306256	0.454545	0.090909	0.454545
gen-2-190	0.091769	-0.315693	0.500000	0.285714	0.214286
gen-2-191	0.075425	-0.344273	0.583333	0.250000	0.166667
gen-2-192	0.099454	-0.333431	0.666667	0.166667	0.166667
gen-2-193	0.089904	-0.326680	0.500000	0.200000	0.300000
gen-2-194	0.092509	-0.324335	0.750000	0.083333	0.166667
gen-2-195	0.046685	-0.290726	0.400000	0.550000	0.050000
gen-2-196	0.095711	-0.347203	0.666667	0.111111	0.222222
gen-2-197	0.091892	-0.340135	0.600000	0.150000	0.250000
gen-2-198	0.095989	-0.319075	0.500000	0.214286	0.285714
