Index	e_above_hull	formation_energy	Li_fraction	Ga_fraction	Sn_fraction
mp-0	0.224891	0.224891	0.000000	0.000000	1.000000
mp-1	0.003424	-0.214689	0.250000	0.750000	0.000000
mp-2	0.219375	0.219375	0.000000	0.000000	1.000000
mp-3	0.045159	0.045159	0.000000	1.000000	0.000000
mp-4	0.017961	-0.339798	0.777778	0.000000	0.222222
mp-5	0.048607	0.042325	0.000000	0.250000	0.750000
mp-6	0.020226	0.020226	1.000000	0.000000	0.000000
mp-7	0.002107	-0.237859	0.300000	0.700000	0.000000
mp-8	0.012953	-0.197743	0.250000	0.000000	0.750000
mp-9	0.191621	0.191621	0.000000	0.000000	1.000000
mp-10	0.004812	-0.279451	0.666667	0.333333	0.000000
mp-11	0.013878	0.013878	0.000000	1.000000	0.000000
mp-12	0.071550	0.065268	0.000000	0.250000	0.750000
mp-13	0.019851	0.019851	1.000000	0.000000	0.000000
mp-14	0.021722	-0.193824	0.750000	0.250000	0.000000
mp-15	0.071924	-0.349467	0.500000	0.000000	0.500000
mp-16	0.060122	-0.272837	0.814815	0.000000	0.185185
mp-17	0.118030	0.118030	0.000000	0.000000	1.000000
mp-18	0.022588	-0.192958	0.750000	0.250000	0.000000
mp-19	0.123395	0.123395	0.000000	0.000000	1.000000
mp-20	0.000000	0.000000	0.000000	1.000000	0.000000
mp-21	0.019457	0.019457	1.000000	0.000000	0.000000
mp-22	0.074773	0.055925	0.000000	0.750000	0.250000
mp-23	0.000000	0.000000	1.000000	0.000000	0.000000
mp-24	0.001680	-0.303829	0.600000	0.400000	0.000000
mp-25	0.070111	-0.351280	0.500000	0.000000	0.500000
mp-26	0.000000	0.000000	0.000000	0.000000	1.000000
mp-27	0.043125	-0.150753	0.222222	0.777778	0.000000
mp-28	0.026236	0.026236	0.000000	1.000000	0.000000
mp-29	0.076879	0.070596	0.000000	0.250000	0.750000
mp-30	0.280166	0.280166	1.000000	0.000000	0.000000
mp-31	0.053193	-0.100769	0.176471	0.823529	0.000000
mp-32	0.005505	-0.375681	0.700000	0.000000	0.300000
mp-33	0.049091	-0.293380	0.809524	0.000000	0.190476
mp-34	0.129720	0.129720	0.000000	0.000000	1.000000
mp-35	0.192802	-0.061732	0.333333	0.666667	0.000000
mp-36	0.011601	0.011601	0.000000	1.000000	0.000000
mp-37	0.018862	0.018862	0.000000	1.000000	0.000000
mp-38	0.024450	0.024450	1.000000	0.000000	0.000000
mp-39	1.029880	0.655495	0.500000	0.250000	0.250000
mp-40	0.066952	0.066952	1.000000	0.000000	0.000000
mp-41	0.005632	-0.371087	0.722222	0.000000	0.277778
mp-42	0.000000	-0.218113	0.250000	0.750000	0.000000
mp-43	0.110373	0.110373	0.000000	0.000000	1.000000
mp-44	0.049512	0.049512	0.000000	1.000000	0.000000
mp-45	0.017929	-0.000919	0.000000	0.750000	0.250000
mp-46	0.012762	0.012762	1.000000	0.000000	0.000000
mp-47	0.008132	-0.307096	0.555556	0.444444	0.000000
mp-48	0.016331	-0.224464	0.285714	0.000000	0.714286
mp-49	0.000000	-0.371135	0.750000	0.000000	0.250000
mp-50	0.047391	0.047391	0.000000	0.000000	1.000000
mp-51	0.015900	-0.311477	0.500000	0.500000	0.000000
mp-52	0.031586	0.031586	0.000000	1.000000	0.000000
mp-53	0.024644	0.005796	0.000000	0.750000	0.250000
mp-54	0.017750	0.017750	1.000000	0.000000	0.000000
mp-55	0.006781	-0.211332	0.250000	0.750000	0.000000
mp-56	0.010752	-0.367563	0.714286	0.000000	0.285714
O-0	0.036011	-0.250753	0.333333	0.333333	0.333333
O-1	0.049755	-0.188697	0.722222	0.277778	0.000000
O-2	0.044340	-0.261168	0.600000	0.400000	0.000000
O-3	0.059024	-0.102635	0.812500	0.187500	0.000000
O-4	0.052961	-0.181326	0.727273	0.272727	0.000000
O-5	0.134041	-0.287350	0.500000	0.000000	0.500000
O-6	0.078444	-0.137102	0.750000	0.250000	0.000000
O-7	0.044826	-0.200170	0.714286	0.285714	0.000000
O-8	0.050238	-0.206538	0.700000	0.300000	0.000000
O-9	0.080173	-0.247204	0.500000	0.500000	0.000000
O-10	0.053110	-0.210008	0.692308	0.307692	0.000000
O-11	0.078256	-0.249121	0.500000	0.500000	0.000000
O-12	0.051609	-0.232653	0.666667	0.333333	0.000000
O-13	0.077098	-0.250279	0.500000	0.500000	0.000000
O-14	0.074868	-0.209395	0.666667	0.333333	0.000000
O-15	0.031544	-0.344160	0.727273	0.000000	0.272727
O-16	0.036967	-0.320792	0.777778	0.000000	0.222222
O-17	0.030691	-0.340444	0.750000	0.000000	0.250000
a-0	0.000831	-0.214716	0.750000	0.250000	0.000000
a-1	0.000000	-0.305509	0.600000	0.400000	0.000000
a-2	0.006372	-0.321006	0.500000	0.500000	0.000000
a-3	0.000000	-0.215546	0.750000	0.250000	0.000000
a-4	0.000000	-0.284262	0.666667	0.333333	0.000000
a-5	0.005540	-0.278722	0.666667	0.333333	0.000000
a-6	0.000000	-0.327377	0.500000	0.500000	0.000000
a-7	0.069368	-0.352023	0.500000	0.000000	0.500000
a-8	0.000000	-0.342472	0.809524	0.000000	0.190476
a-9	0.000000	-0.421391	0.500000	0.000000	0.500000
gen-1-0	0.065257	-0.278520	0.750000	0.083333	0.166667
gen-1-1	0.024739	-0.232024	0.315789	0.631579	0.052632
gen-1-2	0.059157	-0.324629	0.500000	0.200000	0.300000
gen-1-3	0.019506	-0.273043	0.750000	0.166667	0.083333
gen-1-4	0.078720	-0.298365	0.533333	0.200000	0.266667
gen-1-5	0.065962	-0.225449	0.384615	0.538462	0.076923
gen-1-6	0.045601	-0.278387	0.444444	0.444444	0.111111
gen-1-7	0.050923	-0.287447	0.400000	0.050000	0.550000
gen-1-8	0.038774	-0.287008	0.750000	0.125000	0.125000
gen-1-9	0.038129	-0.350841	0.583333	0.083333	0.333333
gen-1-10	0.029645	-0.313402	0.500000	0.416667	0.083333
gen-1-11	0.041054	-0.339117	0.571429	0.142857	0.285714
gen-1-12	0.041475	-0.330743	0.666667	0.083333	0.250000
gen-1-13	0.064071	-0.319715	0.500000	0.200000	0.300000
gen-1-14	0.052278	-0.322107	0.500000	0.250000	0.250000
gen-1-15	0.011981	-0.315121	0.700000	0.200000	0.100000
gen-1-16	0.047989	-0.266469	0.727273	0.181818	0.090909
gen-1-17	0.048515	-0.331657	0.571429	0.142857	0.285714
gen-1-18	0.066515	-0.307870	0.500000	0.250000	0.250000
gen-1-19	0.021344	-0.285281	0.416667	0.500000	0.083333
gen-1-20	0.074930	-0.320231	0.545455	0.090909	0.363636
gen-1-21	0.063936	-0.222829	0.333333	0.333333	0.333333
gen-1-22	0.015836	-0.052379	0.066667	0.800000	0.133333
gen-1-23	0.048289	-0.308260	0.666667	0.166667	0.166667
gen-1-24	0.046847	-0.306464	0.571429	0.285714	0.142857
gen-1-25	0.042702	-0.291596	0.733333	0.133333	0.133333
gen-1-26	0.015414	-0.333842	0.625000	0.250000	0.125000
gen-1-27	0.035075	-0.261174	0.375000	0.500000	0.125000
gen-1-28	0.066584	-0.309301	0.454545	0.181818	0.363636
gen-1-29	0.048670	-0.237202	0.333333	0.500000	0.166667
gen-1-30	0.045600	-0.261025	0.416667	0.500000	0.083333
gen-1-31	0.044493	-0.323776	0.692308	0.076923	0.230769
gen-1-32	0.042924	-0.315069	0.555556	0.277778	0.166667
gen-1-33	0.058010	-0.316374	0.500000	0.250000	0.250000
gen-1-34	0.029757	-0.155630	0.842105	0.105263	0.052632
gen-1-35	0.047810	-0.273467	0.400000	0.400000	0.200000
gen-1-36	0.025199	-0.261565	0.333333	0.333333	0.333333
gen-1-37	0.058649	-0.228115	0.333333	0.333333	0.333333
gen-1-38	0.055902	-0.231309	0.333333	0.250000	0.416667
gen-1-39	0.056682	-0.202087	0.300000	0.600000	0.100000
gen-1-40	0.035475	-0.285802	0.400000	0.400000	0.200000
gen-1-41	0.066435	-0.323618	0.500000	0.166667	0.333333
gen-1-42	0.042319	-0.347013	0.555556	0.111111	0.333333
gen-1-43	0.043631	-0.338855	0.600000	0.100000	0.300000
gen-1-44	0.045693	-0.301135	0.526316	0.368421	0.105263
gen-1-45	0.068202	-0.295110	0.428571	0.214286	0.357143
gen-1-46	0.044217	-0.306664	0.500000	0.375000	0.125000
gen-1-47	0.088402	-0.251679	0.400000	0.300000	0.300000
gen-1-48	0.058133	0.043055	0.000000	0.800000	0.200000
gen-1-49	0.077963	-0.208207	0.333333	0.444444	0.222222
gen-1-50	0.052474	-0.321910	0.500000	0.250000	0.250000
gen-1-51	0.037631	-0.264843	0.400000	0.500000	0.100000
gen-1-52	0.045134	-0.277886	0.428571	0.428571	0.142857
gen-1-53	0.079754	-0.207011	0.333333	0.333333	0.333333
gen-1-54	0.024860	-0.302364	0.611111	0.333333	0.055556
gen-1-55	0.032885	-0.242541	0.333333	0.555556	0.111111
gen-1-56	0.066620	-0.299152	0.444444	0.222222	0.333333
gen-1-57	0.040776	-0.245097	0.333333	0.500000	0.166667
gen-1-58	0.076069	-0.209803	0.333333	0.500000	0.166667
gen-1-59	0.024706	-0.338978	0.600000	0.200000	0.200000
gen-1-60	0.030095	-0.306837	0.526316	0.421053	0.052632
gen-1-61	0.039740	-0.304140	0.545455	0.363636	0.090909
gen-1-62	0.022465	-0.350295	0.625000	0.125000	0.250000
gen-1-63	0.031522	-0.320713	0.727273	0.090909	0.181818
gen-1-64	0.031686	-0.328106	0.636364	0.181818	0.181818
gen-1-65	0.066137	-0.275562	0.454545	0.363636	0.181818
gen-1-66	0.032440	-0.334555	0.666667	0.111111	0.222222
gen-1-67	0.010810	-0.345739	0.666667	0.166667	0.166667
gen-1-68	0.025031	-0.258689	0.333333	0.111111	0.555556
gen-1-69	0.065456	-0.298227	0.600000	0.200000	0.200000
gen-1-70	0.008810	-0.209303	0.250000	0.750000	0.000000
gen-1-71	0.046592	-0.309957	0.666667	0.166667	0.166667
gen-1-72	0.024056	-0.317907	0.583333	0.333333	0.083333
gen-1-73	0.041651	-0.322033	0.600000	0.200000	0.200000
gen-1-74	0.049368	-0.307181	0.666667	0.166667	0.166667
gen-1-75	0.053317	-0.304676	0.555556	0.277778	0.166667
gen-1-76	0.069905	-0.335818	0.500000	0.083333	0.416667
gen-1-77	0.038034	-0.320681	0.500000	0.333333	0.166667
gen-1-78	0.064723	-0.154728	0.250000	0.500000	0.250000
gen-1-79	0.054425	-0.319960	0.500000	0.250000	0.250000
gen-1-80	0.030693	-0.320188	0.500000	0.375000	0.125000
gen-1-81	0.064118	-0.333770	0.500000	0.125000	0.375000
gen-1-82	0.032844	-0.310203	0.500000	0.416667	0.083333
gen-1-83	0.015864	-0.356354	0.666667	0.083333	0.250000
gen-1-84	0.021314	-0.281782	0.444444	0.555556	0.000000
gen-1-85	0.032477	-0.319905	0.642857	0.214286	0.142857
gen-1-86	0.052549	-0.299983	0.450000	0.300000	0.250000
gen-1-87	0.050085	-0.312948	0.650000	0.150000	0.200000
gen-1-88	0.045592	-0.327709	0.583333	0.166667	0.250000
gen-1-89	0.050463	-0.314520	0.500000	0.300000	0.200000
gen-1-90	0.074977	-0.322911	0.500000	0.125000	0.375000
gen-1-91	0.045992	-0.297054	0.500000	0.416667	0.083333
gen-1-92	0.050029	-0.333106	0.550000	0.150000	0.300000
gen-1-93	0.047005	-0.344882	0.600000	0.050000	0.350000
gen-1-94	0.076390	-0.297994	0.500000	0.250000	0.250000
gen-1-95	0.040966	-0.337197	0.611111	0.111111	0.277778
gen-1-96	0.070999	-0.268627	0.400000	0.100000	0.500000
gen-1-97	0.049434	-0.237331	0.333333	0.333333	0.333333
gen-1-98	0.039447	-0.306733	0.500000	0.400000	0.100000
gen-1-99	0.053671	-0.316618	0.437500	0.062500	0.500000
gen-1-100	0.063934	-0.115664	0.200000	0.500000	0.300000
gen-1-101	0.050534	-0.323850	0.500000	0.250000	0.250000
gen-1-102	0.064909	-0.325145	0.500000	0.166667	0.333333
gen-1-103	0.054842	-0.310141	0.500000	0.300000	0.200000
gen-1-104	0.020981	-0.348288	0.615385	0.153846	0.230769
gen-1-105	0.035316	-0.285961	0.400000	0.400000	0.200000
gen-1-106	0.041924	-0.316792	0.500000	0.333333	0.166667
gen-1-107	0.056424	-0.317961	0.500000	0.250000	0.250000
gen-1-108	0.040177	-0.252372	0.750000	0.166667	0.083333
gen-1-109	0.030103	-0.320778	0.500000	0.375000	0.125000
gen-1-110	0.025289	-0.292326	0.375000	0.062500	0.562500
gen-1-111	0.043243	-0.312338	0.500000	0.350000	0.150000
gen-1-112	0.036211	-0.301006	0.650000	0.250000	0.100000
gen-1-113	0.063647	-0.293985	0.583333	0.250000	0.166667
gen-1-114	0.052195	-0.288268	0.400000	0.133333	0.466667
gen-1-115	0.001720	-0.252815	0.333333	0.666667	0.000000
gen-1-116	0.052158	-0.316282	0.555556	0.222222	0.222222
gen-1-117	0.071123	-0.214749	0.333333	0.500000	0.166667
gen-1-118	0.061757	-0.225007	0.333333	0.333333	0.333333
gen-1-119	0.034003	-0.332993	0.666667	0.111111	0.222222
gen-1-120	0.049720	-0.242081	0.357143	0.500000	0.142857
gen-1-121	0.073618	-0.306553	0.571429	0.142857	0.285714
gen-1-122	0.040381	-0.318334	0.500000	0.333333	0.166667
gen-1-123	0.064054	-0.304386	0.555556	0.222222	0.222222
gen-1-124	0.085559	-0.258557	0.411765	0.294118	0.294118
gen-1-125	0.029245	-0.237824	0.333333	0.600000	0.066667
gen-1-126	0.069319	-0.217446	0.333333	0.333333	0.333333
gen-1-127	0.075623	-0.210250	0.333333	0.500000	0.166667
gen-1-128	0.038300	-0.335272	0.562500	0.187500	0.250000
gen-1-129	0.038255	-0.309292	0.555556	0.333333	0.111111
gen-1-130	0.071083	-0.273797	0.444444	0.333333	0.222222
gen-1-131	0.045595	-0.336891	0.600000	0.100000	0.300000
gen-1-132	0.044999	-0.318684	0.600000	0.200000	0.200000
gen-1-133	0.078795	-0.314393	0.500000	0.150000	0.350000
gen-1-134	0.050127	-0.287836	0.416667	0.333333	0.250000
gen-1-135	0.002640	-0.106417	0.125000	0.875000	0.000000
gen-1-136	0.058355	-0.314946	0.583333	0.166667	0.250000
gen-1-137	0.044319	-0.308934	0.416667	0.083333	0.500000
gen-1-138	0.059485	-0.262809	0.416667	0.416667	0.166667
gen-1-139	0.060931	-0.319240	0.571429	0.142857	0.285714
gen-1-140	0.061090	-0.313294	0.500000	0.250000	0.250000
gen-1-141	0.043380	-0.304655	0.722222	0.111111	0.166667
gen-1-142	0.023016	-0.071768	0.100000	0.800000	0.100000
gen-1-143	0.054863	-0.323204	0.545455	0.181818	0.272727
gen-1-144	0.027908	-0.335776	0.600000	0.200000	0.200000
gen-1-145	0.050304	-0.332182	0.600000	0.100000	0.300000
gen-1-146	0.093016	-0.208950	0.363636	0.454545	0.181818
gen-1-147	0.046620	-0.333551	0.571429	0.142857	0.285714
gen-1-148	0.083489	-0.237788	0.400000	0.400000	0.200000
gen-1-149	0.021413	-0.249807	0.350000	0.600000	0.050000
gen-1-150	0.041089	-0.348243	0.555556	0.111111	0.333333
gen-1-151	0.040627	-0.312683	0.571429	0.285714	0.142857
gen-1-152	0.000850	-0.370285	0.750000	0.000000	0.250000
gen-1-153	0.039707	-0.281570	0.400000	0.400000	0.200000
gen-1-154	0.065927	-0.308458	0.500000	0.250000	0.250000
gen-1-155	0.065764	-0.332124	0.500000	0.125000	0.375000
gen-1-156	0.056685	-0.308298	0.500000	0.300000	0.200000
gen-1-157	0.071590	-0.349801	0.500000	0.000000	0.500000
gen-1-158	0.011644	-0.102125	0.125000	0.812500	0.062500
gen-1-159	0.062478	-0.259816	0.416667	0.416667	0.166667
gen-1-160	0.079710	-0.243310	0.428571	0.428571	0.142857
gen-1-161	0.024584	-0.302794	0.500000	0.500000	0.000000
gen-1-162	0.068166	-0.218598	0.333333	0.333333	0.333333
gen-1-163	0.002269	-0.172222	0.200000	0.800000	0.000000
gen-1-164	0.065532	-0.308852	0.500000	0.250000	0.250000
gen-1-165	0.066282	-0.313889	0.571429	0.142857	0.285714
gen-1-166	0.061795	-0.315290	0.533333	0.200000	0.266667
gen-1-167	0.062541	-0.327079	0.533333	0.133333	0.333333
gen-1-168	0.065645	-0.256649	0.416667	0.416667	0.166667
gen-1-169	0.033485	-0.302838	0.636364	0.272727	0.090909
gen-1-170	0.025549	-0.261216	0.333333	0.333333	0.333333
gen-1-171	0.060722	-0.313662	0.500000	0.250000	0.250000
gen-1-172	0.049693	-0.271584	0.400000	0.400000	0.200000
gen-1-173	0.003838	-0.251510	0.300000	0.100000	0.600000
gen-1-174	0.047554	-0.320885	0.555556	0.222222	0.222222
gen-1-175	0.060627	-0.315339	0.444444	0.055556	0.500000
gen-1-176	0.055427	-0.302206	0.583333	0.250000	0.166667
gen-1-177	0.074320	-0.212445	0.333333	0.333333	0.333333
gen-1-178	0.058392	-0.326932	0.562500	0.125000	0.312500
gen-1-179	0.024387	-0.347831	0.666667	0.083333	0.250000
gen-1-180	0.067490	-0.338233	0.500000	0.083333	0.416667
gen-1-181	0.023770	-0.254601	0.357143	0.571429	0.071429
gen-1-182	0.066442	-0.307942	0.500000	0.250000	0.250000
gen-1-183	0.038121	-0.335451	0.562500	0.187500	0.250000
gen-1-184	0.085922	-0.335469	0.500000	0.000000	0.500000
gen-1-185	0.060184	-0.289698	0.428571	0.285714	0.285714
gen-1-186	0.052063	-0.287432	0.461538	0.384615	0.153846
gen-1-187	0.006672	-0.138737	0.166667	0.833333	0.000000
gen-1-188	0.044534	-0.277760	0.416667	0.416667	0.166667
gen-1-189	0.058383	-0.331671	0.500000	0.166667	0.333333
gen-1-190	0.024035	-0.339648	0.600000	0.200000	0.200000
gen-1-191	0.031856	-0.251816	0.400000	0.600000	0.000000
gen-1-192	0.080009	-0.206756	0.333333	0.333333	0.333333
gen-1-193	0.051177	-0.293703	0.444444	0.333333	0.222222
gen-1-194	0.067551	-0.267765	0.437500	0.375000	0.187500
gen-1-195	0.046314	-0.295121	0.714286	0.142857	0.142857
gen-1-196	0.039587	-0.246285	0.333333	0.500000	0.166667
gen-1-197	0.030018	-0.309048	0.777778	0.055556	0.166667
gen-1-198	0.042672	-0.311566	0.500000	0.357143	0.142857
gen-2-0	0.011692	-0.051498	0.066667	0.866667	0.066667
gen-2-1	0.044562	-0.314153	0.500000	0.333333	0.166667
gen-2-2	0.053197	-0.268080	0.400000	0.400000	0.200000
gen-2-3	0.065593	-0.220280	0.333333	0.500000	0.166667
gen-2-4	0.031753	-0.317504	0.625000	0.250000	0.125000
gen-2-5	0.045060	-0.257709	0.421053	0.526316	0.052632
gen-2-6	0.071708	-0.214462	0.333333	0.444444	0.222222
gen-2-7	0.048102	-0.311690	0.636364	0.181818	0.181818
gen-2-8	0.048632	-0.257993	0.416667	0.500000	0.083333
gen-2-9	0.020408	-0.047807	0.066667	0.800000	0.133333
gen-2-10	0.044603	-0.298443	0.500000	0.416667	0.083333
gen-2-11	0.004652	0.004652	0.000000	1.000000	0.000000
gen-2-12	0.063830	-0.222935	0.333333	0.333333	0.333333
gen-2-13	0.070539	-0.303845	0.500000	0.250000	0.250000
gen-2-14	0.018611	-0.348384	0.666667	0.111111	0.222222
gen-2-15	0.061232	-0.303751	0.500000	0.300000	0.200000
gen-2-16	0.042470	-0.314080	0.666667	0.166667	0.166667
gen-2-17	0.076977	-0.313076	0.500000	0.166667	0.333333
gen-2-18	0.029283	-0.289902	0.375000	0.125000	0.500000
gen-2-19	0.043247	-0.319569	0.666667	0.133333	0.200000
gen-2-20	0.065288	-0.324766	0.500000	0.166667	0.333333
gen-2-21	0.017823	-0.087493	0.111111	0.777778	0.111111
gen-2-22	0.068606	-0.307279	0.454545	0.181818	0.363636
gen-2-23	0.065310	-0.221008	0.333333	0.416667	0.250000
gen-2-24	0.035913	-0.314968	0.500000	0.375000	0.125000
gen-2-25	0.038302	-0.328693	0.666667	0.111111	0.222222
gen-2-26	0.043702	-0.173277	0.250000	0.250000	0.500000
gen-2-27	0.037656	-0.300655	0.666667	0.222222	0.111111
gen-2-28	0.111573	-0.262812	0.500000	0.250000	0.250000
gen-2-29	0.070636	-0.237364	0.375000	0.437500	0.187500
gen-2-30	0.067623	-0.334965	0.500000	0.100000	0.400000
gen-2-31	0.038976	-0.282301	0.400000	0.400000	0.200000
gen-2-32	0.092542	0.083119	0.000000	0.875000	0.125000
gen-2-33	0.031489	-0.341813	0.583333	0.166667	0.250000
gen-2-34	0.002020	-0.303489	0.600000	0.400000	0.000000
gen-2-35	0.046957	-0.309592	0.666667	0.166667	0.166667
gen-2-36	0.047628	-0.326107	0.550000	0.200000	0.250000
gen-2-37	0.058651	-0.294981	0.416667	0.250000	0.333333
gen-2-38	0.054072	-0.256963	0.363636	0.181818	0.454545
gen-2-39	0.066979	-0.316807	0.500000	0.200000	0.300000
gen-2-40	0.021670	-0.263446	0.333333	0.166667	0.500000
gen-2-41	0.107609	-0.266775	0.500000	0.250000	0.250000
gen-2-42	0.033108	-0.251764	0.363636	0.545455	0.090909
gen-2-43	0.054911	-0.319473	0.500000	0.250000	0.250000
gen-2-44	0.041236	-0.341250	0.600000	0.100000	0.300000
gen-2-45	0.048130	-0.320309	0.555556	0.222222	0.222222
gen-2-46	0.058799	-0.330532	0.555556	0.111111	0.333333
gen-2-47	0.041139	-0.325856	0.666667	0.111111	0.222222
gen-2-48	0.028070	-0.313893	0.583333	0.333333	0.083333
gen-2-49	0.087444	-0.333948	0.500000	0.000000	0.500000
gen-2-50	0.045243	-0.334928	0.571429	0.142857	0.285714
gen-2-51	0.046795	-0.294640	0.714286	0.142857	0.142857
gen-2-52	0.068194	-0.110415	0.200000	0.400000	0.400000
gen-2-53	0.069072	-0.271008	0.400000	0.300000	0.300000
gen-2-54	0.034969	-0.326851	0.562500	0.250000	0.187500
gen-2-55	0.052125	-0.249840	0.363636	0.454545	0.181818
gen-2-56	0.031066	-0.348177	0.642857	0.071429	0.285714
gen-2-57	0.021373	-0.332259	0.650000	0.200000	0.150000
gen-2-58	0.068395	-0.273303	0.454545	0.363636	0.181818
gen-2-59	0.052819	-0.266933	0.375000	0.375000	0.250000
gen-2-60	0.002829	-0.215284	0.250000	0.750000	0.000000
gen-2-61	0.020900	-0.332410	0.571429	0.285714	0.142857
gen-2-62	0.036962	-0.269663	0.416667	0.500000	0.083333
gen-2-63	0.029504	-0.225030	0.333333	0.666667	0.000000
gen-2-64	0.050719	-0.236045	0.333333	0.333333	0.333333
gen-2-65	0.028317	-0.255403	0.333333	0.111111	0.555556
gen-2-66	0.030591	-0.271883	0.400000	0.500000	0.100000
gen-2-67	0.014753	-0.351059	0.642857	0.142857	0.214286
gen-2-68	0.035422	-0.337663	0.600000	0.150000	0.250000
gen-2-69	0.046026	-0.276268	0.416667	0.416667	0.166667
gen-2-70	0.057980	-0.316404	0.500000	0.250000	0.250000
gen-2-71	0.052778	-0.271210	0.444444	0.444444	0.111111
gen-2-72	0.049738	-0.317003	0.571429	0.214286	0.214286
gen-2-73	0.050344	-0.236420	0.333333	0.333333	0.333333
gen-2-74	0.040609	-0.325204	0.642857	0.142857	0.214286
gen-2-75	0.045558	-0.322881	0.555556	0.222222	0.222222
gen-2-76	0.071939	-0.277942	0.428571	0.285714	0.285714
gen-2-77	0.024244	-0.342029	0.722222	0.055556	0.222222
gen-2-78	0.074291	-0.331432	0.500000	0.083333	0.416667
gen-2-79	0.018431	-0.339201	0.583333	0.250000	0.166667
gen-2-80	0.054601	-0.304114	0.500000	0.333333	0.166667
gen-2-81	0.049391	-0.187932	0.272727	0.545455	0.181818
gen-2-82	0.048058	-0.317754	0.642857	0.142857	0.214286
gen-2-83	0.069881	-0.328007	0.500000	0.125000	0.375000
gen-2-84	0.024636	-0.260480	0.333333	0.166667	0.500000
gen-2-85	0.044477	-0.297486	0.583333	0.333333	0.083333
gen-2-86	0.064551	-0.325502	0.500000	0.166667	0.333333
gen-2-87	0.009620	0.009620	0.000000	1.000000	0.000000
gen-2-88	0.055707	-0.289174	0.444444	0.333333	0.222222
gen-2-89	0.052352	-0.322032	0.500000	0.250000	0.250000
gen-2-90	0.057441	-0.288740	0.500000	0.400000	0.100000
gen-2-91	0.014115	-0.342434	0.666667	0.166667	0.166667
gen-2-92	0.002475	-0.237491	0.300000	0.700000	0.000000
gen-2-93	0.038498	-0.343988	0.600000	0.100000	0.300000
gen-2-94	0.048989	-0.307560	0.666667	0.166667	0.166667
gen-2-95	0.034625	-0.338676	0.583333	0.166667	0.250000
gen-2-96	0.000000	-0.018848	0.000000	0.750000	0.250000
gen-2-97	0.013230	-0.343320	0.666667	0.166667	0.166667
gen-2-98	0.060564	-0.328407	0.583333	0.083333	0.333333
gen-2-99	0.053129	-0.321256	0.500000	0.250000	0.250000
gen-2-100	0.027959	-0.329313	0.611111	0.222222	0.166667
gen-2-101	0.072343	-0.214421	0.333333	0.333333	0.333333
gen-2-102	0.079343	-0.265538	0.444444	0.333333	0.222222
gen-2-103	0.062699	-0.305740	0.555556	0.222222	0.222222
gen-2-104	0.027739	-0.242464	0.333333	0.583333	0.083333
gen-2-105	0.037190	-0.326494	0.600000	0.200000	0.200000
gen-2-106	0.053552	-0.320832	0.500000	0.250000	0.250000
gen-2-107	0.043711	-0.329590	0.583333	0.166667	0.250000
gen-2-108	0.031694	-0.341607	0.583333	0.166667	0.250000
gen-2-109	0.054962	-0.240350	0.777778	0.111111	0.111111
gen-2-110	0.065916	-0.317870	0.500000	0.200000	0.300000
gen-2-111	0.053450	-0.311533	0.500000	0.300000	0.200000
gen-2-112	0.085695	-0.304359	0.500000	0.166667	0.333333
gen-2-113	0.018464	-0.295994	0.727273	0.181818	0.090909
gen-2-114	0.070684	-0.239470	0.388889	0.444444	0.166667
gen-2-115	0.084133	-0.304837	0.583333	0.083333	0.333333
gen-2-116	0.045172	-0.305709	0.500000	0.375000	0.125000
gen-2-117	0.061434	-0.297282	0.500000	0.333333	0.166667
gen-2-118	0.045619	-0.331267	0.636364	0.090909	0.272727
gen-2-119	0.003266	-0.335045	0.666667	0.222222	0.111111
gen-2-120	0.049669	-0.295861	0.550000	0.350000	0.100000
gen-2-121	0.038833	-0.343653	0.600000	0.100000	0.300000
gen-2-122	0.037910	0.019959	0.000000	0.714286	0.285714
gen-2-123	0.073614	-0.271267	0.444444	0.333333	0.222222
gen-2-124	0.067698	-0.218174	0.333333	0.500000	0.166667
gen-2-125	0.070661	-0.327227	0.500000	0.125000	0.375000
gen-2-126	0.048419	-0.302462	0.500000	0.375000	0.125000
gen-2-127	0.056792	-0.332539	0.555556	0.111111	0.333333
gen-2-128	0.055483	-0.318901	0.500000	0.250000	0.250000
gen-2-129	0.067483	-0.322571	0.500000	0.166667	0.333333
gen-2-130	0.030056	-0.261356	0.384615	0.538462	0.076923
gen-2-131	0.059412	-0.305138	0.533333	0.266667	0.200000
gen-2-132	0.024655	-0.271594	0.375000	0.500000	0.125000
gen-2-133	0.044170	-0.344801	0.583333	0.083333	0.333333
gen-2-134	0.005887	-0.321490	0.500000	0.500000	0.000000
gen-2-135	0.063680	-0.315928	0.500000	0.222222	0.277778
gen-2-136	0.027365	-0.191194	0.250000	0.666667	0.083333
gen-2-137	0.076987	-0.325601	0.500000	0.100000	0.400000
gen-2-138	0.059287	-0.330767	0.500000	0.166667	0.333333
gen-2-139	0.046431	-0.322008	0.555556	0.222222	0.222222
gen-2-140	0.045735	-0.321006	0.571429	0.214286	0.214286
gen-2-141	0.050679	-0.308037	0.500000	0.333333	0.166667
gen-2-142	0.065604	-0.298079	0.600000	0.200000	0.200000
gen-2-143	0.069526	-0.328362	0.500000	0.125000	0.375000
gen-2-144	0.042756	-0.330545	0.583333	0.166667	0.250000
gen-2-145	0.075362	-0.269518	0.444444	0.333333	0.222222
gen-2-146	0.048424	-0.340546	0.583333	0.083333	0.333333
gen-2-147	0.072077	-0.317977	0.500000	0.166667	0.333333
gen-2-148	0.043886	-0.335000	0.555556	0.166667	0.277778
gen-2-149	0.054773	-0.008417	0.066667	0.866667	0.066667
gen-2-150	0.039257	-0.332961	0.666667	0.083333	0.250000
gen-2-151	0.054420	-0.304296	0.500000	0.333333	0.166667
gen-2-152	0.075838	-0.210035	0.333333	0.500000	0.166667
gen-2-153	0.064459	-0.309926	0.500000	0.250000	0.250000
gen-2-154	0.053883	-0.304832	0.500000	0.333333	0.166667
gen-2-155	0.093847	-0.192025	0.333333	0.500000	0.166667
gen-2-156	0.027771	-0.145812	0.200000	0.200000	0.600000
gen-2-157	0.011078	-0.110275	0.133333	0.800000	0.066667
gen-2-158	0.031761	-0.340999	0.625000	0.125000	0.250000
gen-2-159	0.042589	-0.303591	0.500000	0.400000	0.100000
gen-2-160	0.058742	-0.320143	0.555556	0.166667	0.277778
gen-2-161	0.021243	-0.336028	0.611111	0.222222	0.166667
gen-2-162	0.023129	-0.218703	0.818182	0.090909	0.090909
gen-2-163	0.057422	-0.282658	0.400000	0.300000	0.300000
gen-2-164	0.040812	-0.315737	0.666667	0.166667	0.166667
gen-2-165	0.042500	-0.300547	0.500000	0.416667	0.083333
gen-2-166	0.085229	-0.283211	0.555556	0.222222	0.222222
gen-2-167	0.065953	-0.256340	0.416667	0.416667	0.166667
gen-2-168	0.061282	-0.225483	0.333333	0.333333	0.333333
gen-2-169	0.025988	-0.244216	0.333333	0.583333	0.083333
gen-2-170	0.063802	-0.310582	0.500000	0.250000	0.250000
gen-2-171	0.002231	-0.303278	0.600000	0.400000	0.000000
gen-2-172	0.073595	-0.261721	0.437500	0.375000	0.187500
gen-2-173	0.069861	-0.216457	0.333333	0.416667	0.250000
gen-2-174	0.038908	-0.328087	0.666667	0.111111	0.222222
gen-2-175	0.065787	-0.324266	0.500000	0.166667	0.333333
gen-2-176	0.091473	-0.253408	0.444444	0.333333	0.222222
gen-2-177	0.048416	-0.296465	0.444444	0.333333	0.222222
gen-2-178	0.022094	-0.193452	0.750000	0.250000	0.000000
gen-2-179	0.056561	-0.308422	0.500000	0.300000	0.200000
gen-2-180	0.052592	-0.290454	0.500000	0.416667	0.083333
gen-2-181	0.015681	-0.267341	0.333333	0.083333	0.583333
gen-2-182	0.037003	-0.320629	0.583333	0.250000	0.166667
gen-2-183	0.067981	-0.329907	0.500000	0.125000	0.375000
gen-2-184	0.031520	-0.253352	0.363636	0.545455	0.090909
gen-2-185	0.054380	-0.320004	0.500000	0.250000	0.250000
gen-2-186	0.058826	-0.281254	0.400000	0.300000	0.300000
gen-2-187	0.046289	-0.239584	0.333333	0.500000	0.166667
gen-2-188	0.057241	-0.307743	0.500000	0.300000	0.200000
gen-2-189	0.069606	-0.315069	0.454545	0.090909	0.454545
gen-2-190	0.060633	-0.307036	0.500000	0.285714	0.214286
gen-2-191	0.026613	-0.331019	0.583333	0.250000	0.166667
gen-2-192	0.036663	-0.319887	0.666667	0.166667	0.166667
gen-2-193	0.066676	-0.317110	0.500000	0.200000	0.300000
gen-2-194	0.040236	-0.303542	0.750000	0.083333	0.166667
gen-2-195	0.018645	-0.274428	0.400000	0.550000	0.050000
gen-2-196	0.032789	-0.334206	0.666667	0.111111	0.222222
gen-2-197	0.041841	-0.331244	0.600000	0.150000	0.250000
gen-2-198	0.069125	-0.311975	0.500000	0.214286	0.285714
