Index	e_above_hull	formation_energy	Li_fraction	Ga_fraction	Sn_fraction
mp-0	0.235330	0.235330	0.000000	0.000000	1.000000
mp-1	0.003861	-0.209206	0.250000	0.750000	0.000000
mp-2	0.223214	0.223214	0.000000	0.000000	1.000000
mp-3	0.056151	0.056151	0.000000	1.000000	0.000000
mp-4	0.017311	-0.328349	0.777778	0.000000	0.222222
mp-5	0.024648	0.013473	0.000000	0.250000	0.750000
mp-6	0.026611	0.026611	1.000000	0.000000	0.000000
mp-7	0.008767	-0.222320	0.300000	0.700000	0.000000
mp-8	0.000000	-0.211704	0.250000	0.000000	0.750000
mp-9	0.177386	0.177386	0.000000	0.000000	1.000000
mp-10	0.006142	-0.257914	0.666667	0.333333	0.000000
mp-11	0.014432	0.014432	0.000000	1.000000	0.000000
mp-12	0.060637	0.049461	0.000000	0.250000	0.750000
mp-13	0.026060	0.026060	1.000000	0.000000	0.000000
mp-14	0.021932	-0.176110	0.750000	0.250000	0.000000
mp-15	0.071350	-0.350154	0.500000	0.000000	0.500000
mp-16	0.058543	-0.259348	0.814815	0.000000	0.185185
mp-17	0.079998	0.079998	0.000000	0.000000	1.000000
mp-18	0.023230	-0.174813	0.750000	0.250000	0.000000
mp-19	0.086325	0.086325	0.000000	0.000000	1.000000
mp-20	0.000000	0.000000	0.000000	1.000000	0.000000
mp-21	0.025433	0.025433	1.000000	0.000000	0.000000
mp-22	0.102322	0.068796	0.000000	0.750000	0.250000
mp-23	0.000000	0.000000	1.000000	0.000000	0.000000
mp-24	0.001916	-0.280905	0.600000	0.400000	0.000000
mp-25	0.068943	-0.352562	0.500000	0.000000	0.500000
mp-26	0.000000	0.000000	0.000000	0.000000	1.000000
mp-27	0.055039	-0.134354	0.222222	0.777778	0.000000
mp-28	0.032373	0.032373	0.000000	1.000000	0.000000
mp-29	0.070025	0.058850	0.000000	0.250000	0.750000
mp-30	0.316703	0.316703	1.000000	0.000000	0.000000
mp-31	0.067523	-0.082877	0.176471	0.823529	0.000000
mp-32	0.002381	-0.371528	0.700000	0.000000	0.300000
mp-33	0.046065	-0.280909	0.809524	0.000000	0.190476
mp-34	0.108713	0.108713	0.000000	0.000000	1.000000
mp-35	0.215152	-0.027948	0.333333	0.666667	0.000000
mp-36	0.016163	0.016163	0.000000	1.000000	0.000000
mp-37	0.019973	0.019973	0.000000	1.000000	0.000000
mp-38	0.031519	0.031519	1.000000	0.000000	0.000000
mp-39	0.977814	0.615479	0.500000	0.250000	0.250000
mp-40	0.079261	0.079261	1.000000	0.000000	0.000000
mp-41	0.003719	-0.364901	0.722222	0.000000	0.277778
mp-42	0.000000	-0.213067	0.250000	0.750000	0.000000
mp-43	0.070295	0.070295	0.000000	0.000000	1.000000
mp-44	0.062784	0.062784	0.000000	1.000000	0.000000
mp-45	0.020723	-0.012802	0.000000	0.750000	0.250000
mp-46	0.017710	0.017710	1.000000	0.000000	0.000000
mp-47	0.006699	-0.285164	0.555556	0.444444	0.000000
mp-48	0.010390	-0.231285	0.285714	0.000000	0.714286
mp-49	0.000000	-0.362010	0.750000	0.000000	0.250000
mp-50	0.048784	0.048784	0.000000	0.000000	1.000000
mp-51	0.012696	-0.290469	0.500000	0.500000	0.000000
mp-52	0.039185	0.039185	0.000000	1.000000	0.000000
mp-53	0.027722	-0.005804	0.000000	0.750000	0.250000
mp-54	0.022997	0.022997	1.000000	0.000000	0.000000
mp-55	0.005690	-0.207377	0.250000	0.750000	0.000000
mp-56	0.007942	-0.362567	0.714286	0.000000	0.285714
O-0	0.157433	-0.131535	0.333333	0.333333	0.333333
O-1	0.142567	-0.077480	0.722222	0.277778	0.000000
O-2	0.137300	-0.145520	0.600000	0.400000	0.000000
O-3	0.153840	0.005309	0.812500	0.187500	0.000000
O-4	0.145754	-0.070292	0.727273	0.272727	0.000000
O-5	0.244281	-0.177224	0.500000	0.000000	0.500000
O-6	0.171150	-0.026892	0.750000	0.250000	0.000000
O-7	0.137668	-0.088666	0.714286	0.285714	0.000000
O-8	0.143136	-0.094515	0.700000	0.300000	0.000000
O-9	0.175234	-0.127931	0.500000	0.500000	0.000000
O-10	0.146037	-0.097707	0.692308	0.307692	0.000000
O-11	0.173318	-0.129848	0.500000	0.500000	0.000000
O-12	0.144634	-0.119422	0.666667	0.333333	0.000000
O-13	0.172159	-0.131006	0.500000	0.500000	0.000000
O-14	0.167893	-0.096164	0.666667	0.333333	0.000000
O-15	0.129303	-0.238116	0.727273	0.000000	0.272727
O-16	0.130005	-0.215654	0.777778	0.000000	0.222222
O-17	0.127202	-0.234808	0.750000	0.000000	0.250000
a-0	0.003146	-0.194896	0.750000	0.250000	0.000000
a-1	0.000000	-0.282821	0.600000	0.400000	0.000000
a-2	0.006419	-0.296746	0.500000	0.500000	0.000000
a-3	0.000224	-0.197818	0.750000	0.250000	0.000000
a-4	0.000000	-0.264056	0.666667	0.333333	0.000000
a-5	0.007181	-0.256875	0.666667	0.333333	0.000000
a-6	0.000000	-0.303165	0.500000	0.500000	0.000000
a-7	0.070064	-0.351441	0.500000	0.000000	0.500000
a-8	0.000000	-0.326974	0.809524	0.000000	0.190476
a-9	0.000000	-0.421505	0.500000	0.000000	0.500000
gen-1-0	0.061379	-0.266705	0.750000	0.083333	0.166667
gen-1-1	0.028063	-0.221171	0.315789	0.631579	0.052632
gen-1-2	0.052877	-0.321292	0.500000	0.200000	0.300000
gen-1-3	0.018862	-0.256217	0.750000	0.166667	0.083333
gen-1-4	0.081992	-0.284244	0.533333	0.200000	0.266667
gen-1-5	0.069832	-0.209956	0.384615	0.538462	0.076923
gen-1-6	0.039697	-0.269745	0.444444	0.444444	0.111111
gen-1-7	0.047979	-0.298718	0.400000	0.050000	0.550000
gen-1-8	0.030056	-0.278221	0.750000	0.125000	0.125000
gen-1-9	0.035275	-0.346675	0.583333	0.083333	0.333333
gen-1-10	0.023356	-0.299533	0.500000	0.416667	0.083333
gen-1-11	0.035420	-0.335275	0.571429	0.142857	0.285714
gen-1-12	0.041764	-0.320354	0.666667	0.083333	0.250000
gen-1-13	0.057186	-0.316983	0.500000	0.200000	0.300000
gen-1-14	0.044760	-0.317575	0.500000	0.250000	0.250000
gen-1-15	0.007017	-0.301147	0.700000	0.200000	0.100000
gen-1-16	0.046182	-0.250035	0.727273	0.181818	0.090909
gen-1-17	0.041600	-0.329095	0.571429	0.142857	0.285714
gen-1-18	0.062026	-0.300309	0.500000	0.250000	0.250000
gen-1-19	0.019316	-0.273540	0.416667	0.500000	0.083333
gen-1-20	0.074374	-0.314797	0.545455	0.090909	0.363636
gen-1-21	0.073430	-0.215538	0.333333	0.333333	0.333333
gen-1-22	0.016383	-0.058316	0.066667	0.800000	0.133333
gen-1-23	0.048827	-0.293568	0.666667	0.166667	0.166667
gen-1-24	0.043791	-0.293092	0.571429	0.285714	0.142857
gen-1-25	0.038033	-0.278578	0.733333	0.133333	0.133333
gen-1-26	0.012949	-0.319638	0.625000	0.250000	0.125000
gen-1-27	0.034252	-0.253449	0.375000	0.500000	0.125000
gen-1-28	0.063619	-0.309230	0.454545	0.181818	0.363636
gen-1-29	0.054217	-0.228330	0.333333	0.500000	0.166667
gen-1-30	0.043222	-0.249634	0.416667	0.500000	0.083333
gen-1-31	0.043138	-0.314395	0.692308	0.076923	0.230769
gen-1-32	0.037417	-0.305122	0.555556	0.277778	0.166667
gen-1-33	0.050345	-0.311990	0.500000	0.250000	0.250000
gen-1-34	0.032208	-0.141526	0.842105	0.105263	0.052632
gen-1-35	0.045223	-0.269239	0.400000	0.400000	0.200000
gen-1-36	0.041401	-0.247566	0.333333	0.333333	0.333333
gen-1-37	0.071648	-0.217320	0.333333	0.333333	0.333333
gen-1-38	0.061101	-0.231077	0.333333	0.250000	0.416667
gen-1-39	0.064813	-0.189942	0.300000	0.600000	0.100000
gen-1-40	0.031740	-0.282722	0.400000	0.400000	0.200000
gen-1-41	0.060988	-0.321070	0.500000	0.166667	0.333333
gen-1-42	0.037157	-0.344829	0.555556	0.111111	0.333333
gen-1-43	0.038541	-0.335498	0.600000	0.100000	0.300000
gen-1-44	0.040133	-0.287911	0.526316	0.368421	0.105263
gen-1-45	0.062822	-0.299130	0.428571	0.214286	0.357143
gen-1-46	0.039858	-0.292892	0.500000	0.375000	0.125000
gen-1-47	0.094022	-0.244107	0.400000	0.300000	0.300000
gen-1-48	0.074351	0.047530	0.000000	0.800000	0.200000
gen-1-49	0.081687	-0.203000	0.333333	0.444444	0.222222
gen-1-50	0.046087	-0.316248	0.500000	0.250000	0.250000
gen-1-51	0.035395	-0.255399	0.400000	0.500000	0.100000
gen-1-52	0.041713	-0.269521	0.428571	0.428571	0.142857
gen-1-53	0.089168	-0.199800	0.333333	0.333333	0.333333
gen-1-54	0.022166	-0.284062	0.611111	0.333333	0.055556
gen-1-55	0.036402	-0.232995	0.333333	0.555556	0.111111
gen-1-56	0.064420	-0.297617	0.444444	0.222222	0.333333
gen-1-57	0.043012	-0.239534	0.333333	0.500000	0.166667
gen-1-58	0.091114	-0.191432	0.333333	0.500000	0.166667
gen-1-59	0.021461	-0.328910	0.600000	0.200000	0.200000
gen-1-60	0.024789	-0.290799	0.526316	0.421053	0.052632
gen-1-61	0.034688	-0.289934	0.545455	0.363636	0.090909
gen-1-62	0.021199	-0.340973	0.625000	0.125000	0.250000
gen-1-63	0.028186	-0.310192	0.727273	0.090909	0.181818
gen-1-64	0.028091	-0.317929	0.636364	0.181818	0.181818
gen-1-65	0.064771	-0.265046	0.454545	0.363636	0.181818
gen-1-66	0.027967	-0.327576	0.666667	0.111111	0.222222
gen-1-67	0.008601	-0.333794	0.666667	0.166667	0.166667
gen-1-68	0.024675	-0.271376	0.333333	0.111111	0.555556
gen-1-69	0.065058	-0.285313	0.600000	0.200000	0.200000
gen-1-70	0.008268	-0.204800	0.250000	0.750000	0.000000
gen-1-71	0.045213	-0.297182	0.666667	0.166667	0.166667
gen-1-72	0.020996	-0.301784	0.583333	0.333333	0.083333
gen-1-73	0.038229	-0.312142	0.600000	0.200000	0.200000
gen-1-74	0.047400	-0.294995	0.666667	0.166667	0.166667
gen-1-75	0.050688	-0.291852	0.555556	0.277778	0.166667
gen-1-76	0.065228	-0.336554	0.500000	0.083333	0.416667
gen-1-77	0.032096	-0.310516	0.500000	0.333333	0.166667
gen-1-78	0.073482	-0.149217	0.250000	0.500000	0.250000
gen-1-79	0.045917	-0.316418	0.500000	0.250000	0.250000
gen-1-80	0.024443	-0.308307	0.500000	0.375000	0.125000
gen-1-81	0.056949	-0.334971	0.500000	0.125000	0.375000
gen-1-82	0.024405	-0.298483	0.500000	0.416667	0.083333
gen-1-83	0.016594	-0.345524	0.666667	0.083333	0.250000
gen-1-84	0.014891	-0.268252	0.444444	0.555556	0.000000
gen-1-85	0.030191	-0.306600	0.642857	0.214286	0.142857
gen-1-86	0.047887	-0.296429	0.450000	0.300000	0.250000
gen-1-87	0.047180	-0.303126	0.650000	0.150000	0.200000
gen-1-88	0.040469	-0.321757	0.583333	0.166667	0.250000
gen-1-89	0.044412	-0.306089	0.500000	0.300000	0.200000
gen-1-90	0.073832	-0.318088	0.500000	0.125000	0.375000
gen-1-91	0.041562	-0.281327	0.500000	0.416667	0.083333
gen-1-92	0.044607	-0.329497	0.550000	0.150000	0.300000
gen-1-93	0.046501	-0.339372	0.600000	0.050000	0.350000
gen-1-94	0.067336	-0.294999	0.500000	0.250000	0.250000
gen-1-95	0.036614	-0.332151	0.611111	0.111111	0.277778
gen-1-96	0.078776	-0.266528	0.400000	0.100000	0.500000
gen-1-97	0.057552	-0.231416	0.333333	0.333333	0.333333
gen-1-98	0.034267	-0.292566	0.500000	0.400000	0.100000
gen-1-99	0.051297	-0.322582	0.437500	0.062500	0.500000
gen-1-100	0.074074	-0.112717	0.200000	0.500000	0.300000
gen-1-101	0.043903	-0.318432	0.500000	0.250000	0.250000
gen-1-102	0.056573	-0.325485	0.500000	0.166667	0.333333
gen-1-103	0.046758	-0.303743	0.500000	0.300000	0.200000
gen-1-104	0.015602	-0.342031	0.615385	0.153846	0.230769
gen-1-105	0.030381	-0.284081	0.400000	0.400000	0.200000
gen-1-106	0.033417	-0.309194	0.500000	0.333333	0.166667
gen-1-107	0.048722	-0.313613	0.500000	0.250000	0.250000
gen-1-108	0.035654	-0.239425	0.750000	0.166667	0.083333
gen-1-109	0.025411	-0.307339	0.500000	0.375000	0.125000
gen-1-110	0.019679	-0.308317	0.375000	0.062500	0.562500
gen-1-111	0.035441	-0.303226	0.500000	0.350000	0.150000
gen-1-112	0.033589	-0.285262	0.650000	0.250000	0.100000
gen-1-113	0.064260	-0.278244	0.583333	0.250000	0.166667
gen-1-114	0.047830	-0.296543	0.400000	0.133333	0.466667
gen-1-115	0.008807	-0.234293	0.333333	0.666667	0.000000
gen-1-116	0.047527	-0.308161	0.555556	0.222222	0.222222
gen-1-117	0.073642	-0.208905	0.333333	0.500000	0.166667
gen-1-118	0.075477	-0.213491	0.333333	0.333333	0.333333
gen-1-119	0.037198	-0.318345	0.666667	0.111111	0.222222
gen-1-120	0.051518	-0.233974	0.357143	0.500000	0.142857
gen-1-121	0.083254	-0.287441	0.571429	0.142857	0.285714
gen-1-122	0.033930	-0.308682	0.500000	0.333333	0.166667
gen-1-123	0.060307	-0.295381	0.555556	0.222222	0.222222
gen-1-124	0.089774	-0.251203	0.411765	0.294118	0.294118
gen-1-125	0.027095	-0.231784	0.333333	0.600000	0.066667
gen-1-126	0.077149	-0.211819	0.333333	0.333333	0.333333
gen-1-127	0.081224	-0.201323	0.333333	0.500000	0.166667
gen-1-128	0.032800	-0.329454	0.562500	0.187500	0.250000
gen-1-129	0.034195	-0.295196	0.555556	0.333333	0.111111
gen-1-130	0.070191	-0.265548	0.444444	0.333333	0.222222
gen-1-131	0.043663	-0.330376	0.600000	0.100000	0.300000
gen-1-132	0.041935	-0.308436	0.600000	0.200000	0.200000
gen-1-133	0.075714	-0.310288	0.500000	0.150000	0.350000
gen-1-134	0.047282	-0.285021	0.416667	0.333333	0.250000
gen-1-135	0.000196	-0.106338	0.125000	0.875000	0.000000
gen-1-136	0.053488	-0.308739	0.583333	0.166667	0.250000
gen-1-137	0.040575	-0.317428	0.416667	0.083333	0.500000
gen-1-138	0.057526	-0.255053	0.416667	0.416667	0.166667
gen-1-139	0.058021	-0.312674	0.571429	0.142857	0.285714
gen-1-140	0.055080	-0.307255	0.500000	0.250000	0.250000
gen-1-141	0.041239	-0.291887	0.722222	0.111111	0.166667
gen-1-142	0.026761	-0.071876	0.100000	0.800000	0.100000
gen-1-143	0.050659	-0.316996	0.545455	0.181818	0.272727
gen-1-144	0.024922	-0.325449	0.600000	0.200000	0.200000
gen-1-145	0.046586	-0.327453	0.600000	0.100000	0.300000
gen-1-146	0.098155	-0.198899	0.363636	0.454545	0.181818
gen-1-147	0.043939	-0.326756	0.571429	0.142857	0.285714
gen-1-148	0.086936	-0.227526	0.400000	0.400000	0.200000
gen-1-149	0.019541	-0.241400	0.350000	0.600000	0.050000
gen-1-150	0.035696	-0.346290	0.555556	0.111111	0.333333
gen-1-151	0.038057	-0.298827	0.571429	0.285714	0.142857
gen-1-152	0.001228	-0.360781	0.750000	0.000000	0.250000
gen-1-153	0.041352	-0.273110	0.400000	0.400000	0.200000
gen-1-154	0.059188	-0.303147	0.500000	0.250000	0.250000
gen-1-155	0.058472	-0.333447	0.500000	0.125000	0.375000
gen-1-156	0.050139	-0.300362	0.500000	0.300000	0.200000
gen-1-157	0.071660	-0.349845	0.500000	0.000000	0.500000
gen-1-158	0.010921	-0.103994	0.125000	0.812500	0.062500
gen-1-159	0.062663	-0.249916	0.416667	0.416667	0.166667
gen-1-160	0.086036	-0.225198	0.428571	0.428571	0.142857
gen-1-161	0.016686	-0.286480	0.500000	0.500000	0.000000
gen-1-162	0.075121	-0.213847	0.333333	0.333333	0.333333
gen-1-163	0.000147	-0.170307	0.200000	0.800000	0.000000
gen-1-164	0.064002	-0.298333	0.500000	0.250000	0.250000
gen-1-165	0.067553	-0.303142	0.571429	0.142857	0.285714
gen-1-166	0.055599	-0.310638	0.533333	0.200000	0.266667
gen-1-167	0.058121	-0.323894	0.533333	0.133333	0.333333
gen-1-168	0.065639	-0.246940	0.416667	0.416667	0.166667
gen-1-169	0.031042	-0.286382	0.636364	0.272727	0.090909
gen-1-170	0.041868	-0.247100	0.333333	0.333333	0.333333
gen-1-171	0.053558	-0.308777	0.500000	0.250000	0.250000
gen-1-172	0.049608	-0.264853	0.400000	0.400000	0.200000
gen-1-173	0.000000	-0.271890	0.300000	0.100000	0.600000
gen-1-174	0.042457	-0.313232	0.555556	0.222222	0.222222
gen-1-175	0.056396	-0.322775	0.444444	0.055556	0.500000
gen-1-176	0.051815	-0.290689	0.583333	0.250000	0.166667
gen-1-177	0.085485	-0.203482	0.333333	0.333333	0.333333
gen-1-178	0.054865	-0.322181	0.562500	0.125000	0.312500
gen-1-179	0.021968	-0.340150	0.666667	0.083333	0.250000
gen-1-180	0.064892	-0.336889	0.500000	0.083333	0.416667
gen-1-181	0.021315	-0.247271	0.357143	0.571429	0.071429
gen-1-182	0.059479	-0.302856	0.500000	0.250000	0.250000
gen-1-183	0.034219	-0.328034	0.562500	0.187500	0.250000
gen-1-184	0.095047	-0.326458	0.500000	0.000000	0.500000
gen-1-185	0.056043	-0.289003	0.428571	0.285714	0.285714
gen-1-186	0.048369	-0.277347	0.461538	0.384615	0.153846
gen-1-187	0.006617	-0.135428	0.166667	0.833333	0.000000
gen-1-188	0.041908	-0.270671	0.416667	0.416667	0.166667
gen-1-189	0.050761	-0.331297	0.500000	0.166667	0.333333
gen-1-190	0.019338	-0.331033	0.600000	0.200000	0.200000
gen-1-191	0.028320	-0.238806	0.400000	0.600000	0.000000
gen-1-192	0.090603	-0.198365	0.333333	0.333333	0.333333
gen-1-193	0.045689	-0.290050	0.444444	0.333333	0.222222
gen-1-194	0.067027	-0.257991	0.437500	0.375000	0.187500
gen-1-195	0.041628	-0.283246	0.714286	0.142857	0.142857
gen-1-196	0.041908	-0.240638	0.333333	0.500000	0.166667
gen-1-197	0.025516	-0.297141	0.777778	0.055556	0.166667
gen-1-198	0.034482	-0.302495	0.500000	0.357143	0.142857
gen-2-0	0.011846	-0.053912	0.066667	0.866667	0.066667
gen-2-1	0.038580	-0.304032	0.500000	0.333333	0.166667
gen-2-2	0.049947	-0.264514	0.400000	0.400000	0.200000
gen-2-3	0.072947	-0.209599	0.333333	0.500000	0.166667
gen-2-4	0.029520	-0.303067	0.625000	0.250000	0.125000
gen-2-5	0.042701	-0.244469	0.421053	0.526316	0.052632
gen-2-6	0.074811	-0.209876	0.333333	0.444444	0.222222
gen-2-7	0.043736	-0.302284	0.636364	0.181818	0.181818
gen-2-8	0.049064	-0.243792	0.416667	0.500000	0.083333
gen-2-9	0.021710	-0.052989	0.066667	0.800000	0.133333
gen-2-10	0.040584	-0.282305	0.500000	0.416667	0.083333
gen-2-11	0.010095	0.010095	0.000000	1.000000	0.000000
gen-2-12	0.074935	-0.214033	0.333333	0.333333	0.333333
gen-2-13	0.062312	-0.300023	0.500000	0.250000	0.250000
gen-2-14	0.014720	-0.340823	0.666667	0.111111	0.222222
gen-2-15	0.059006	-0.291495	0.500000	0.300000	0.200000
gen-2-16	0.042330	-0.300065	0.666667	0.166667	0.166667
gen-2-17	0.070287	-0.311771	0.500000	0.166667	0.333333
gen-2-18	0.024801	-0.301452	0.375000	0.125000	0.500000
gen-2-19	0.041796	-0.308488	0.666667	0.133333	0.200000
gen-2-20	0.060413	-0.321645	0.500000	0.166667	0.333333
gen-2-21	0.018993	-0.090604	0.111111	0.777778	0.111111
gen-2-22	0.064509	-0.308340	0.454545	0.181818	0.363636
gen-2-23	0.069588	-0.216169	0.333333	0.416667	0.250000
gen-2-24	0.028920	-0.303831	0.500000	0.375000	0.125000
gen-2-25	0.035631	-0.319913	0.666667	0.111111	0.222222
gen-2-26	0.059215	-0.171786	0.250000	0.250000	0.500000
gen-2-27	0.034364	-0.286229	0.666667	0.222222	0.111111
gen-2-28	0.119328	-0.243007	0.500000	0.250000	0.250000
gen-2-29	0.075540	-0.226954	0.375000	0.437500	0.187500
gen-2-30	0.064920	-0.332917	0.500000	0.100000	0.400000
gen-2-31	0.040514	-0.273948	0.400000	0.400000	0.200000
gen-2-32	0.130286	0.113523	0.000000	0.875000	0.125000
gen-2-33	0.028095	-0.334131	0.583333	0.166667	0.250000
gen-2-34	0.002373	-0.280448	0.600000	0.400000	0.000000
gen-2-35	0.047569	-0.294826	0.666667	0.166667	0.166667
gen-2-36	0.041334	-0.320936	0.550000	0.200000	0.250000
gen-2-37	0.052522	-0.299503	0.416667	0.250000	0.333333
gen-2-38	0.060530	-0.255796	0.363636	0.181818	0.454545
gen-2-39	0.059579	-0.314590	0.500000	0.200000	0.300000
gen-2-40	0.019259	-0.275243	0.333333	0.166667	0.500000
gen-2-41	0.113784	-0.248551	0.500000	0.250000	0.250000
gen-2-42	0.034765	-0.240772	0.363636	0.545455	0.090909
gen-2-43	0.048639	-0.313696	0.500000	0.250000	0.250000
gen-2-44	0.036219	-0.337820	0.600000	0.100000	0.300000
gen-2-45	0.041791	-0.313897	0.555556	0.222222	0.222222
gen-2-46	0.053761	-0.328225	0.555556	0.111111	0.333333
gen-2-47	0.038619	-0.316924	0.666667	0.111111	0.222222
gen-2-48	0.024391	-0.298389	0.583333	0.333333	0.083333
gen-2-49	0.097190	-0.324315	0.500000	0.000000	0.500000
gen-2-50	0.040071	-0.330624	0.571429	0.142857	0.285714
gen-2-51	0.043283	-0.281591	0.714286	0.142857	0.142857
gen-2-52	0.082282	-0.107829	0.200000	0.400000	0.400000
gen-2-53	0.069632	-0.268498	0.400000	0.300000	0.300000
gen-2-54	0.029356	-0.318106	0.562500	0.250000	0.187500
gen-2-55	0.053564	-0.243490	0.363636	0.454545	0.181818
gen-2-56	0.028971	-0.341630	0.642857	0.071429	0.285714
gen-2-57	0.017255	-0.321217	0.650000	0.200000	0.150000
gen-2-58	0.067526	-0.262291	0.454545	0.363636	0.181818
gen-2-59	0.051187	-0.266099	0.375000	0.375000	0.250000
gen-2-60	0.003045	-0.210022	0.250000	0.750000	0.000000
gen-2-61	0.014956	-0.321927	0.571429	0.285714	0.142857
gen-2-62	0.034264	-0.258592	0.416667	0.500000	0.083333
gen-2-63	0.039653	-0.203447	0.333333	0.666667	0.000000
gen-2-64	0.061845	-0.227123	0.333333	0.333333	0.333333
gen-2-65	0.027530	-0.268521	0.333333	0.111111	0.555556
gen-2-66	0.026332	-0.264462	0.400000	0.500000	0.100000
gen-2-67	0.011859	-0.341837	0.642857	0.142857	0.214286
gen-2-68	0.032510	-0.329695	0.600000	0.150000	0.250000
gen-2-69	0.043765	-0.268814	0.416667	0.416667	0.166667
gen-2-70	0.051235	-0.311100	0.500000	0.250000	0.250000
gen-2-71	0.051889	-0.257553	0.444444	0.444444	0.111111
gen-2-72	0.049071	-0.304718	0.571429	0.214286	0.214286
gen-2-73	0.060559	-0.228409	0.333333	0.333333	0.333333
gen-2-74	0.038005	-0.315691	0.642857	0.142857	0.214286
gen-2-75	0.041068	-0.314621	0.555556	0.222222	0.222222
gen-2-76	0.069435	-0.275611	0.428571	0.285714	0.285714
gen-2-77	0.022736	-0.332735	0.722222	0.055556	0.222222
gen-2-78	0.067790	-0.333991	0.500000	0.083333	0.416667
gen-2-79	0.015912	-0.326591	0.583333	0.250000	0.166667
gen-2-80	0.051760	-0.290852	0.500000	0.333333	0.166667
gen-2-81	0.055882	-0.181389	0.272727	0.545455	0.181818
gen-2-82	0.044406	-0.309290	0.642857	0.142857	0.214286
gen-2-83	0.065691	-0.326229	0.500000	0.125000	0.375000
gen-2-84	0.024117	-0.270385	0.333333	0.166667	0.500000
gen-2-85	0.042566	-0.280214	0.583333	0.333333	0.083333
gen-2-86	0.059303	-0.322755	0.500000	0.166667	0.333333
gen-2-87	0.006267	0.006267	0.000000	1.000000	0.000000
gen-2-88	0.050849	-0.284890	0.444444	0.333333	0.222222
gen-2-89	0.045065	-0.317270	0.500000	0.250000	0.250000
gen-2-90	0.050909	-0.275924	0.500000	0.400000	0.100000
gen-2-91	0.010184	-0.332211	0.666667	0.166667	0.166667
gen-2-92	0.001763	-0.229324	0.300000	0.700000	0.000000
gen-2-93	0.033345	-0.340694	0.600000	0.100000	0.300000
gen-2-94	0.046707	-0.295688	0.666667	0.166667	0.166667
gen-2-95	0.033636	-0.328591	0.583333	0.166667	0.250000
gen-2-96	0.000000	-0.033526	0.000000	0.750000	0.250000
gen-2-97	0.010252	-0.332143	0.666667	0.166667	0.166667
gen-2-98	0.064618	-0.317332	0.583333	0.083333	0.333333
gen-2-99	0.045601	-0.316734	0.500000	0.250000	0.250000
gen-2-100	0.026849	-0.315618	0.611111	0.222222	0.166667
gen-2-101	0.083483	-0.205485	0.333333	0.333333	0.333333
gen-2-102	0.076048	-0.259691	0.444444	0.333333	0.222222
gen-2-103	0.058494	-0.297194	0.555556	0.222222	0.222222
gen-2-104	0.027592	-0.235231	0.333333	0.583333	0.083333
gen-2-105	0.034023	-0.316348	0.600000	0.200000	0.200000
gen-2-106	0.047090	-0.315245	0.500000	0.250000	0.250000
gen-2-107	0.042633	-0.319594	0.583333	0.166667	0.250000
gen-2-108	0.027840	-0.334387	0.583333	0.166667	0.250000
gen-2-109	0.052470	-0.226283	0.777778	0.111111	0.111111
gen-2-110	0.064770	-0.309399	0.500000	0.200000	0.300000
gen-2-111	0.049397	-0.301104	0.500000	0.300000	0.200000
gen-2-112	0.086515	-0.295543	0.500000	0.166667	0.333333
gen-2-113	0.017213	-0.279004	0.727273	0.181818	0.090909
gen-2-114	0.071881	-0.230688	0.388889	0.444444	0.166667
gen-2-115	0.089177	-0.292772	0.583333	0.083333	0.333333
gen-2-116	0.040662	-0.292088	0.500000	0.375000	0.125000
gen-2-117	0.057569	-0.285043	0.500000	0.333333	0.166667
gen-2-118	0.038918	-0.328619	0.636364	0.090909	0.272727
gen-2-119	0.000000	-0.320593	0.666667	0.222222	0.111111
gen-2-120	0.045506	-0.281262	0.550000	0.350000	0.100000
gen-2-121	0.035014	-0.339024	0.600000	0.100000	0.300000
gen-2-122	0.049525	0.017595	0.000000	0.714286	0.285714
gen-2-123	0.072778	-0.262961	0.444444	0.333333	0.222222
gen-2-124	0.072184	-0.210363	0.333333	0.500000	0.166667
gen-2-125	0.065403	-0.326517	0.500000	0.125000	0.375000
gen-2-126	0.043571	-0.289179	0.500000	0.375000	0.125000
gen-2-127	0.052277	-0.329709	0.555556	0.111111	0.333333
gen-2-128	0.047353	-0.314982	0.500000	0.250000	0.250000
gen-2-129	0.060309	-0.321749	0.500000	0.166667	0.333333
gen-2-130	0.026984	-0.252804	0.384615	0.538462	0.076923
gen-2-131	0.053253	-0.297205	0.533333	0.266667	0.200000
gen-2-132	0.023420	-0.264281	0.375000	0.500000	0.125000
gen-2-133	0.039649	-0.342301	0.583333	0.083333	0.333333
gen-2-134	0.005785	-0.297380	0.500000	0.500000	0.000000
gen-2-135	0.054854	-0.314055	0.500000	0.222222	0.277778
gen-2-136	0.032765	-0.183513	0.250000	0.666667	0.083333
gen-2-137	0.078789	-0.319048	0.500000	0.100000	0.400000
gen-2-138	0.052403	-0.329655	0.500000	0.166667	0.333333
gen-2-139	0.045154	-0.310535	0.555556	0.222222	0.222222
gen-2-140	0.042381	-0.311408	0.571429	0.214286	0.214286
gen-2-141	0.044761	-0.297850	0.500000	0.333333	0.166667
gen-2-142	0.065086	-0.285285	0.600000	0.200000	0.200000
gen-2-143	0.066063	-0.325857	0.500000	0.125000	0.375000
gen-2-144	0.038999	-0.323228	0.583333	0.166667	0.250000
gen-2-145	0.072826	-0.262913	0.444444	0.333333	0.222222
gen-2-146	0.044972	-0.336978	0.583333	0.083333	0.333333
gen-2-147	0.064442	-0.317616	0.500000	0.166667	0.333333
gen-2-148	0.038711	-0.330126	0.555556	0.166667	0.277778
gen-2-149	0.068800	0.003042	0.066667	0.866667	0.066667
gen-2-150	0.041946	-0.320172	0.666667	0.083333	0.250000
gen-2-151	0.048826	-0.293786	0.500000	0.333333	0.166667
gen-2-152	0.090065	-0.192482	0.333333	0.500000	0.166667
gen-2-153	0.056943	-0.305392	0.500000	0.250000	0.250000
gen-2-154	0.047050	-0.295562	0.500000	0.333333	0.166667
gen-2-155	0.106461	-0.176085	0.333333	0.500000	0.166667
gen-2-156	0.040258	-0.146962	0.200000	0.200000	0.600000
gen-2-157	0.009737	-0.112839	0.133333	0.800000	0.066667
gen-2-158	0.029463	-0.332709	0.625000	0.125000	0.250000
gen-2-159	0.037311	-0.289522	0.500000	0.400000	0.100000
gen-2-160	0.055497	-0.313340	0.555556	0.166667	0.277778
gen-2-161	0.016232	-0.326236	0.611111	0.222222	0.166667
gen-2-162	0.022985	-0.205086	0.818182	0.090909	0.090909
gen-2-163	0.053396	-0.284734	0.400000	0.300000	0.300000
gen-2-164	0.041012	-0.301383	0.666667	0.166667	0.166667
gen-2-165	0.038076	-0.284813	0.500000	0.416667	0.083333
gen-2-166	0.089582	-0.266107	0.555556	0.222222	0.222222
gen-2-167	0.065890	-0.246689	0.416667	0.416667	0.166667
gen-2-168	0.062708	-0.226260	0.333333	0.333333	0.333333
gen-2-169	0.025190	-0.237633	0.333333	0.583333	0.083333
gen-2-170	0.057107	-0.305228	0.500000	0.250000	0.250000
gen-2-171	0.002709	-0.280111	0.600000	0.400000	0.000000
gen-2-172	0.074211	-0.250807	0.437500	0.375000	0.187500
gen-2-173	0.075798	-0.209959	0.333333	0.416667	0.250000
gen-2-174	0.037440	-0.318104	0.666667	0.111111	0.222222
gen-2-175	0.062838	-0.319220	0.500000	0.166667	0.333333
gen-2-176	0.087645	-0.248094	0.444444	0.333333	0.222222
gen-2-177	0.044526	-0.291212	0.444444	0.333333	0.222222
gen-2-178	0.022502	-0.175540	0.750000	0.250000	0.000000
gen-2-179	0.048332	-0.302169	0.500000	0.300000	0.200000
gen-2-180	0.047530	-0.275359	0.500000	0.416667	0.083333
gen-2-181	0.013000	-0.283825	0.333333	0.083333	0.583333
gen-2-182	0.031705	-0.310798	0.583333	0.250000	0.166667
gen-2-183	0.063081	-0.328839	0.500000	0.125000	0.375000
gen-2-184	0.030240	-0.245297	0.363636	0.545455	0.090909
gen-2-185	0.047081	-0.315254	0.500000	0.250000	0.250000
gen-2-186	0.054260	-0.283870	0.400000	0.300000	0.300000
gen-2-187	0.043773	-0.238774	0.333333	0.500000	0.166667
gen-2-188	0.050822	-0.299679	0.500000	0.300000	0.200000
gen-2-189	0.065063	-0.320295	0.454545	0.090909	0.454545
gen-2-190	0.053604	-0.300278	0.500000	0.285714	0.214286
gen-2-191	0.021776	-0.320728	0.583333	0.250000	0.166667
gen-2-192	0.032598	-0.309797	0.666667	0.166667	0.166667
gen-2-193	0.064377	-0.309792	0.500000	0.200000	0.300000
gen-2-194	0.040845	-0.287240	0.750000	0.083333	0.166667
gen-2-195	0.017096	-0.261864	0.400000	0.550000	0.050000
gen-2-196	0.030886	-0.324658	0.666667	0.111111	0.222222
gen-2-197	0.037654	-0.324551	0.600000	0.150000	0.250000
gen-2-198	0.064736	-0.306052	0.500000	0.214286	0.285714
