# Tetrahedron method
       -1.6653451348        0.0000000000
       -1.5892441274        0.0000000000
       -1.5131431201        0.0000000000
       -1.4370421127        0.0000000000
       -1.3609411054        0.0000000000
       -1.2848400980        0.0000000000
       -1.2087390907        0.0000000000
       -1.1326380833        0.0000000000
       -1.0565370759        0.0000000000
       -0.9804360686        0.0000000000
       -0.9043350612        0.0000000000
       -0.8282340539        0.0000000000
       -0.7521330465        0.0000000000
       -0.6760320392        0.0000000000
       -0.5999310318        0.0000000000
       -0.5238300245        0.0000000000
       -0.4477290171        0.0000000000
       -0.3716280097        0.0729826802
       -0.2955270024        0.2073488630
       -0.2194259950        0.4165009159
       -0.1433249877        0.3995830215
       -0.0672239803        0.3886161883
        0.0088770270        0.4662306191
        0.0849780344        0.6287591990
        0.1610790417        0.9114879301
        0.2371800491        1.5535077060
        0.3132810565        2.6375894026
        0.3893820638        3.2247498503
        0.4654830712        2.6611819773
        0.5415840785        2.0529419345
        0.6176850859        3.5524002215
        0.6937860932        4.4778825760
        0.7698871006        5.6540544783
        0.8459881079        5.9914636202
        0.9220891153        7.0391454180
        0.9981901227        4.1903666454
        1.0742911300        2.9865911851
        1.1503921374        1.9522741883
        1.2264931447        1.2997762967
        1.3025941521        1.1872295433
        1.3786951594        1.2737516082
        1.4547961668        2.7078355476
        1.5308971741        8.5909854023
        1.6069981815        3.6773281193
        1.6830991888        2.7338727183
        1.7592001962        3.1024035951
        1.8353012036        5.8279015294
        1.9114022109        2.3155095274
        1.9875032183        3.0062246970
        2.0636042256        4.8737571782
        2.1397052330        2.0771302943
        2.2158062403        5.5430056520
        2.2919072477        0.0000000000
        2.3680082550        0.0000000000
        2.4441092624        4.4015287241
        2.5202102698        7.0184358650
        2.5963112771        7.4889432910
        2.6724122845        7.2976202418
        2.7485132918        4.3440536721
        2.8246142992        5.5318374106
        2.9007153065        0.8457638854
        2.9768163139        2.2179388367
        3.0529173212       13.9244096490
        3.1290183286        1.2869155240
        3.2051193360        0.0000000000
        3.2812203433        0.0000000000
        3.3573213507        0.0000000000
        3.4334223580        1.1626415597
        3.5095233654        4.9102724717
        3.5856243727       10.2700089498
        3.6617253801        4.9993884423
        3.7378263874        8.8851817796
        3.8139273948        2.6079764748
        3.8900284021        1.2952651349
        3.9661294095        0.0000000000
        4.0422304169        0.0000000000
        4.1183314242        0.0000000000
        4.1944324316        0.0000000000
        4.2705334389        0.0000000000
        4.3466344463        0.0000000000
        4.4227354536        0.0000000000
        4.4988364610        0.0000000000
        4.5749374683        0.0000000000
        4.6510384757        0.0000000000
        4.7271394831        0.0000000000
        4.8032404904        0.0000000000
        4.8793414978        0.0000000000
        4.9554425051        0.0000000000
        5.0315435125        0.0000000000
        5.1076445198        0.0000000000
        5.1837455272        0.0000000000
        5.2598465345        0.0000000000
        5.3359475419        0.4166042847
        5.4120485493        0.7004932405
        5.4881495566        0.7888858407
        5.5642505640        0.9111172970
        5.6403515713        1.0927947733
        5.7164525787        2.6464445542
        5.7925535860        3.9500139952
        5.8686545934        2.5415039633
        5.9447556007        5.1701275357
        6.0208566081        2.6059346800
        6.0969576155        1.8522322719
        6.1730586228        3.4854826903
        6.2491596302        6.2211970710
        6.3252606375        6.4105618354
        6.4013616449        0.0000000000
        6.4774626522        4.7632999674
        6.5535636596        2.0834407569
        6.6296646669        1.2932405433
        6.7057656743        0.9700590764
        6.7818666816        0.7994807417
        6.8579676890        0.7285456554
        6.9340686964        0.7151376123
        7.0101697037        5.5172296495
        7.0862707111       13.2231632884
        7.1623717184        9.8027776446
        7.2384727258        1.1771767842
        7.3145737331        0.5046176469
        7.3906747405        0.4130945288
        7.4667757478        2.6103203891
        7.5428767552       10.0475817642
        7.6189777626        0.0000000000
        7.6950787699        0.0000000000
        7.7711797773        0.0000000000
        7.8472807846        0.0000000000
        7.9233817920        0.0000000000
        7.9994827993        0.0000000000
        8.0755838067        0.0000000000
        8.1516848140        0.0000000000
        8.2277858214        0.0000000000
        8.3038868288        0.0000000000
        8.3799878361        0.0000000000
        8.4560888435        0.9819505597
        8.5321898508        3.2698086456
        8.6082908582        5.1600936565
        8.6843918655        2.5794104061
        8.7604928729        1.6476930224
        8.8365938802        2.0091513448
        8.9126948876        3.1735946383
        8.9887958949        3.6151729187
        9.0648969023        2.1027153610
        9.1409979097        0.0000000000
        9.2170989170        0.0000000000
        9.2931999244        0.0000000000
        9.3693009317        0.0000000000
        9.4454019391        0.0000000000
        9.5215029464        0.0000000000
        9.5976039538        0.0000000000
        9.6737049611        0.0000000000
        9.7498059685        0.0000000000
        9.8259069759        0.0000000000
        9.9020079832        0.0000000000
        9.9781089906        0.9239052574
       10.0542099979        1.1112672862
       10.1303110053        1.4385737120
       10.2064120126        2.5252891976
       10.2825130200        1.8049093477
       10.3586140273        1.3696534143
       10.4347150347        1.1976916623
       10.5108160421        1.1000734359
       10.5869170494        1.0821429528
       10.6630180568        1.1893990941
       10.7391190641        1.2789798602
       10.8152200715        1.4438225928
       10.8913210788        1.7451382105
       10.9674220862        2.5177119412
       11.0435230935        3.2417525152
       11.1196241009        2.0227633615
       11.1957251082        0.0000000000
       11.2718261156        0.0000000000
       11.3479271230        0.0000000000
       11.4240281303        0.0000000000
       11.5001291377        0.0000000000
       11.5762301450        0.0000000000
       11.6523311524        0.0000000000
       11.7284321597        0.0000000000
       11.8045331671        0.0000000000
       11.8806341744        0.0000000000
       11.9567351818        0.0000000000
       12.0328361892        0.0000000000
       12.1089371965        0.0000000000
       12.1850382039        0.0000000000
       12.2611392112       12.1441937871
       12.3372402186        0.0000000000
       12.4133412259        0.0000000000
       12.4894422333        0.0000000000
       12.5655432406        0.0000000000
       12.6416442480        0.0000000000
       12.7177452554        0.0000000000
       12.7938462627        0.0000000000
       12.8699472701        0.0000000000
       12.9460482774        0.0000000000
       13.0221492848        0.0000000000
       13.0982502921        0.0000000000
       13.1743512995        0.0000000000
       13.2504523068        0.0000000000
       13.3265533142        0.0000000000
       13.4026543216        0.0000000000
       13.4787553289        0.0000000000
       13.5548563363        0.0000000000
