# Tetrahedron method
       -1.6217031827        0.0000000000
       -1.5707522714        0.0000000000
       -1.5198013600        0.0000000000
       -1.4688504487        0.0000000000
       -1.4178995374        0.0000000000
       -1.3669486261        0.0000000000
       -1.3159977148        0.0000000000
       -1.2650468035        0.0000000000
       -1.2140958922        0.0000000000
       -1.1631449809        0.0000000000
       -1.1121940696        0.0000000000
       -1.0612431583        0.0000000000
       -1.0102922470        0.0000000000
       -0.9593413357        0.0000000000
       -0.9083904244        0.0000000000
       -0.8574395130        0.0000000000
       -0.8064886017        0.0000000000
       -0.7555376904        0.1437593855
       -0.7045867791        0.3071563351
       -0.6536358678        0.6993553078
       -0.6026849565        0.9411051807
       -0.5517340452        1.2246577663
       -0.5007831339        1.4504587487
       -0.4498322226        1.6876855148
       -0.3988813113        1.3471141326
       -0.3479304000        1.1978377441
       -0.2969794887        1.0497314156
       -0.2460285774        0.8971564494
       -0.1950776661        0.7980117373
       -0.1441267547        0.6588595744
       -0.0931758434        0.6195317245
       -0.0422249321        0.6154752092
        0.0087259792        0.6281257941
        0.0596768905        0.6520607080
        0.1106278018        0.6987846845
        0.1615787131        0.8017754135
        0.2125296244        1.0252869143
        0.2634805357        1.4237164770
        0.3144314470        1.6495925066
        0.3653823583        1.5544626642
        0.4163332696        1.4459605036
        0.4672841809        1.4012636472
        0.5182350923        1.4649311808
        0.5691860036        1.5969599718
        0.6201369149        1.8261088130
        0.6710878262        2.2376439163
        0.7220387375        2.5764142502
        0.7729896488        2.8012429569
        0.8239405601        2.7604807077
        0.8748914714        3.0631447717
        0.9258423827        3.8005130576
        0.9767932940        4.0383717606
        1.0277442053        3.8039458191
        1.0786951166        4.4804506848
        1.1296460279        5.0591817067
        1.1805969393        4.4835899143
        1.2315478506        5.1898975167
        1.2824987619        5.1699169132
        1.3334496732        3.9962172841
        1.3844005845        3.0660088152
        1.4353514958        5.3489250911
        1.4863024071        6.3802223273
        1.5372533184        8.2360508460
        1.5882042297        8.6204668979
        1.6391551410        4.5459606488
        1.6901060523        1.8009598723
        1.7410569636        3.2978669714
        1.7920078749        4.1707776216
        1.8429587863        4.5034582396
        1.8939096976        3.9185064427
        1.9448606089        3.4404802293
        1.9958115202        3.9249407965
        2.0467624315        5.0978683352
        2.0977133428        5.8908238649
        2.1486642541        7.2479071966
        2.1996151654        8.2812269820
        2.2505660767        6.0709667017
        2.3015169880        5.4447488938
        2.3524678993        5.6188677289
        2.4034188106        5.0069523817
        2.4543697219        2.6033370925
        2.5053206333        3.9644228382
        2.5562715446        4.2545019746
        2.6072224559        3.6312271771
        2.6581733672        4.1122112280
        2.7091242785        3.2496233320
        2.7600751898        4.7326997349
        2.8110261011        5.1653168723
        2.8619770124        5.2768091842
        2.9129279237        1.8248932850
        2.9638788350        1.2803089606
        3.0148297463        0.8527087212
        3.0657806576        0.0000000000
        3.1167315689        0.0000000000
        3.1676824803        0.0000000000
        3.2186333916        0.0000000000
        3.2695843029        0.0000000000
        3.3205352142        0.0000000000
        3.3714861255        0.0000000000
        3.4224370368        0.0000000000
        3.4733879481        0.0000000000
        3.5243388594        0.0000000000
        3.5752897707        0.0000000000
        3.6262406820        0.0000000000
        3.6771915933        0.0000000000
        3.7281425046        0.0000000000
        3.7790934159        0.0000000000
        3.8300443273        0.0000000000
        3.8809952386        0.0000000000
        3.9319461499        0.0000000000
        3.9828970612        0.0000000000
        4.0338479725        0.0000000000
        4.0847988838        0.0000000000
        4.1357497951        0.0000000000
        4.1867007064        0.0000000000
        4.2376516177        0.0000000000
        4.2886025290        0.0000000000
        4.3395534403        0.0000000000
        4.3905043516        0.0000000000
        4.4414552629        0.0000000000
        4.4924061743        0.0000000000
        4.5433570856        0.0000000000
        4.5943079969        0.0000000000
        4.6452589082        0.0000000000
        4.6962098195        0.0000000000
        4.7471607308        0.0000000000
        4.7981116421        0.0000000000
        4.8490625534        0.0000000000
        4.9000134647        0.0000000000
        4.9509643760        0.0000000000
        5.0019152873        0.0000000000
        5.0528661986        0.0000000000
        5.1038171099        0.0000000000
        5.1547680213        0.0000000000
        5.2057189326        0.0000000000
        5.2566698439        0.0000000000
        5.3076207552        0.0000000000
        5.3585716665        0.0000000000
        5.4095225778        0.0000000000
        5.4604734891        0.0000000000
        5.5114244004        0.0000000000
        5.5623753117        0.0000000000
        5.6133262230        0.0000000000
        5.6642771343        0.0000000000
        5.7152280456        0.0000000000
        5.7661789569        0.0000000000
        5.8171298683        0.0000000000
        5.8680807796        0.0000000000
        5.9190316909        0.0000000000
        5.9699826022        0.0223143210
        6.0209335135        0.7721019584
        6.0718844248        0.9821365176
        6.1228353361        1.0594809251
        6.1737862474        1.1611217721
        6.2247371587        1.2641199424
        6.2756880700        1.4069434749
        6.3266389813        1.5976396929
        6.3775898926        1.8308519048
        6.4285408039        2.2589393394
        6.4794917153        3.2192141264
        6.5304426266        2.7798184674
        6.5813935379        2.8588098316
        6.6323444492        4.2335735886
        6.6832953605        2.8504564501
        6.7342462718        2.6446269782
        6.7851971831        2.7819023368
        6.8361480944        3.1725538799
        6.8870990057        2.3336079715
        6.9380499170        8.1576606242
        6.9890008283        5.7265331674
        7.0399517396        4.8994816832
        7.0909026509        5.2090572273
        7.1418535623        6.9713889592
        7.1928044736       10.0278117255
        7.2437553849        9.0427896373
        7.2947062962        5.4961813882
        7.3456572075        5.1648467700
        7.3966081188        5.2904743357
        7.4475590301        3.2400766688
        7.4985099414        2.6938350349
        7.5494608527        2.8657145821
        7.6004117640        2.8044057437
        7.6513626753        1.4257366696
        7.7023135866        0.3154670098
        7.7532644979        0.0000000000
        7.8042154093        0.0000000000
        7.8551663206        0.0000000000
        7.9061172319        0.0000000000
        7.9570681432        0.0000000000
        8.0080190545        0.0000000000
        8.0589699658        0.0000000000
        8.1099208771        0.0000000000
        8.1608717884        0.0000000000
        8.2118226997        0.0000000000
        8.2627736110        0.0000000000
        8.3137245223        0.0000000000
        8.3646754336        0.0000000000
        8.4156263449        0.0000000000
        8.4665772563        0.0000000000
        8.5175281676        0.0000000000
        8.5684790789        0.0000000000
