# Tetrahedron method
       -1.0856960933        0.0000000000
       -1.0205543319        0.0000000000
       -0.9554125704        0.0000000000
       -0.8902708089        0.0000000000
       -0.8251290475        0.0000000000
       -0.7599872860        0.0000000000
       -0.6948455245        0.0000000000
       -0.6297037630        0.0000000000
       -0.5645620016        0.0000000000
       -0.4994202401        0.0000000000
       -0.4342784786        0.0000000000
       -0.3691367172        0.0000000000
       -0.3039949557        0.0000000000
       -0.2388531942        0.0000000000
       -0.1737114327        0.0000000000
       -0.1085696713        0.0000000000
       -0.0434279098        0.0000000000
        0.0217138517        0.0003841673
        0.0868556131        0.0061466862
        0.1519973746        0.0188242308
        0.2171391361        0.0594600788
        0.2822808976        0.0990952635
        0.3474226590        0.1600114398
        0.4125644205        0.2312976358
        0.4777061820        0.3134929883
        0.5428479434        0.4164283592
        0.6079897049        0.5589753606
        0.6731314664        0.6583171705
        0.7382732279        0.8124436421
        0.8034149893        1.0351903313
        0.8685567508        1.2145750729
        0.9336985123        1.4489292774
        0.9988402737        1.7829304506
        1.0639820352        2.1265519327
        1.1291237967        2.6501726909
        1.1942655582        3.0589805627
        1.2594073196        3.7404192543
        1.3245490811        4.6076769716
        1.3896908426        6.4980763363
        1.4548326040        8.7130878262
        1.5199743655        6.3759271734
        1.5851161270        9.5516991214
        1.6502578885       10.5388195888
        1.7153996499        8.4200592652
        1.7805414114        4.4261686424
        1.8456831729        7.4948766797
        1.9108249343        9.2959553864
        1.9759666958        9.7826776031
        2.0411084573        6.3494834735
        2.1062502188        9.7961121661
        2.1713919802        4.2671307563
        2.2365337417        9.7189647632
        2.3016755032        6.8002179332
        2.3668172646        9.9803808726
        2.4319590261        6.5352236966
        2.4971007876       10.0717198276
        2.5622425491       12.8360792896
        2.6273843105        9.8310275992
        2.6925260720       12.3669448668
        2.7576678335       10.5639457139
        2.8228095949        5.9979391613
        2.8879513564        7.3378357810
        2.9530931179        6.0452591724
        3.0182348793        0.0000000000
        3.0833766408        0.0000000000
        3.1485184023        0.0000000000
        3.2136601638        0.0000000000
        3.2788019252        0.0000000000
        3.3439436867        0.0000000000
        3.4090854482        0.0000000000
        3.4742272096        0.0000000000
        3.5393689711        0.0000000000
        3.6045107326        0.0000000000
        3.6696524941        0.0000000000
        3.7347942555        0.0000000000
        3.7999360170        0.0000000000
        3.8650777785        0.0000000000
        3.9302195399        0.0000000000
        3.9953613014        0.0000000000
        4.0605030629        0.0000000000
        4.1256448244        0.0000000000
        4.1907865858        0.0000000000
        4.2559283473        0.0000000000
        4.3210701088        0.0000000000
        4.3862118702        0.0000000000
        4.4513536317        0.2259911083
        4.5164953932        0.2542459371
        4.5816371547        0.2623899307
        4.6467789161        0.2897406946
        4.7119206776        0.3023929568
        4.7770624391        0.3339430021
        4.8422042005        0.3672378034
        4.9073459620        0.4062367313
        4.9724877235        0.4716446537
        5.0376294850        0.5608472352
        5.1027712464        0.6876502555
        5.1679130079        1.0040546561
        5.2330547694        0.7113224060
        5.2981965308        0.6539351022
        5.3633382923        0.6368433749
        5.4284800538        0.6771341934
        5.4936218153        0.7256617313
        5.5587635767        0.9740162508
        5.6239053382        2.7055813166
        5.6890470997        1.0329727346
        5.7541888611        6.3760526280
        5.8193306226        4.7217339007
        5.8844723841        5.1577329211
        5.9496141456        4.0620295693
        6.0147559070        7.2210351965
        6.0798976685        4.6396473366
        6.1450394300       10.2771733595
        6.2101811914        3.8803650055
        6.2753229529        4.0198460805
        6.3404647144        2.3053686307
        6.4056064758        1.9391393065
        6.4707482373        4.7275625384
        6.5358899988        4.9689828936
        6.6010317603        2.9279956411
        6.6661735217        2.2972626313
        6.7313152832        3.9351842985
        6.7964570447        5.0668755270
        6.8615988061        3.0661878771
        6.9267405676        3.7262454412
        6.9918823291        2.7056327790
        7.0570240906        2.1421178810
        7.1221658520        2.6900000124
        7.1873076135        2.6285376310
        7.2524493750        2.6572239685
        7.3175911364        5.6504180261
        7.3827328979        5.2200713951
        7.4478746594        4.5695902497
        7.5130164209        3.6066366884
        7.5781581823        3.3532910082
        7.6432999438        3.8525171754
        7.7084417053        3.0467078127
        7.7735834667        5.5913840466
        7.8387252282        5.4033401847
        7.9038669897        4.9918193883
        7.9690087512        4.6243366951
        8.0341505126        4.7392711615
        8.0992922741        4.2650018969
        8.1644340356        4.2923320668
        8.2295757970        4.6835909705
        8.2947175585        5.1658200740
        8.3598593200        5.2046881252
        8.4250010815        5.7847098399
        8.4901428429        5.3674491488
        8.5552846044        5.4684461448
        8.6204263659        4.5679304987
        8.6855681273        4.5369394775
        8.7507098888        4.9808051066
        8.8158516503        5.1429197617
        8.8809934118        5.0674164300
        8.9461351732        5.7584983432
        9.0112769347        5.7505721749
        9.0764186962        4.2754730676
        9.1415604576        7.7790284536
        9.2067022191        6.1745122101
        9.2718439806        5.5269957512
        9.3369857421        5.5211768295
        9.4021275035        6.6636915347
        9.4672692650        6.7179279172
        9.5324110265        5.9060307972
        9.5975527879        5.1974073403
        9.6626945494        5.9958096989
        9.7278363109        4.5465290994
        9.7929780724        4.4741667382
        9.8581198338        4.2138045611
        9.9232615953        2.8453351456
        9.9884033568        2.6678961904
       10.0535451182        3.4434439349
       10.1186868797        2.2506066504
       10.1838286412        1.4165274347
       10.2489704026        1.1974890772
       10.3141121641        0.7957401428
       10.3792539256        0.6290982327
       10.4443956871        0.3023064247
       10.5095374485        0.2842980771
       10.5746792100        0.2673424988
       10.6398209715        0.2501770130
       10.7049627329        0.2317127577
       10.7701044944        0.2196328353
       10.8352462559        0.1030883871
       10.9003880174        0.0000000000
       10.9655297788        0.0000000000
       11.0306715403        0.0000000000
       11.0958133018        0.0000000000
       11.1609550632        0.0000000000
       11.2260968247        0.0000000000
       11.2912385862        0.0000000000
       11.3563803477        0.0000000000
       11.4215221091        0.0000000000
       11.4866638706        0.0000000000
       11.5518056321        0.0000000000
       11.6169473935        0.0000000000
       11.6820891550        0.0000000000
       11.7472309165        0.0000000000
       11.8123726780        0.0000000000
       11.8775144394        0.0000000000
       11.9426562009        0.0000000000
