# Tetrahedron method
       -1.1689802662        0.0000000000
       -1.0988414612        0.0000000000
       -1.0287026561        0.0000000000
       -0.9585638511        0.0000000000
       -0.8884250460        0.0000000000
       -0.8182862410        0.0000000000
       -0.7481474359        0.0000000000
       -0.6780086308        0.0000000000
       -0.6078698258        0.0000000000
       -0.5377310207        0.0000000000
       -0.4675922157        0.0000000000
       -0.3974534106        0.0000000000
       -0.3273146056        0.0000000000
       -0.2571758005        0.0000000000
       -0.1870369955        0.0000000000
       -0.1168981904        0.0000000000
       -0.0467593854        0.0000000000
        0.0233794197        0.0001189371
        0.0935182248        0.0019029982
        0.1636570298        0.0058279336
        0.2337958349        0.0190851838
        0.3039346399        0.0316137759
        0.3740734450        0.0518193677
        0.4442122500        0.0783689018
        0.5143510551        0.1114657183
        0.5844898601        0.1453956393
        0.6546286652        0.1866401856
        0.7247674703        0.2390853354
        0.7949062753        0.3022751437
        0.8650450804        0.4075633804
        0.9351838854        0.4586661818
        1.0053226905        0.8491191524
        1.0754614955        0.9508294679
        1.1456003006        1.0935439330
        1.2157391056        1.2903558099
        1.2858779107        1.6671975189
        1.3560167157        1.8267428057
        1.4261555208        1.8772160897
        1.4962943259        2.0169738362
        1.5664331309        1.9485905776
        1.6365719360        1.8851588475
        1.7067107410        2.1005750220
        1.7768495461        3.0106131668
        1.8469883511        3.7576527540
        1.9171271562        4.5259516823
        1.9872659612        3.2680844676
        2.0574047663        3.8663891313
        2.1275435714        2.2931648317
        2.1976823764        1.8880904127
        2.2678211815        2.8155115366
        2.3379599865        2.8093556171
        2.4080987916        3.2253579524
        2.4782375966        2.8594055682
        2.5483764017        2.6140990608
        2.6185152067        2.4028522273
        2.6886540118        2.4298177411
        2.7587928168        2.2012004759
        2.8289316219        2.2115079702
        2.8990704270        2.7249407017
        2.9692092320        2.4489936380
        3.0393480371        1.8376983205
        3.1094868421        0.7365390594
        3.1796256472        0.9071995880
        3.2497644522        1.5957304527
        3.3199032573        2.5296220121
        3.3900420623        2.2530608438
        3.4601808674        2.7868297795
        3.5303196724        3.7700632806
        3.6004584775        2.9692466979
        3.6705972826        2.7100914126
        3.7407360876        2.2767352189
        3.8108748927        1.4233305978
        3.8810136977        1.5165354881
        3.9511525028        3.0381020784
        4.0212913078        2.9962525525
        4.0914301129        4.3092598213
        4.1615689179        4.2732782423
        4.2317077230        3.7602955067
        4.3018465281        2.9618482510
        4.3719853331        3.4859903018
        4.4421241382        3.2328157090
        4.5122629432        1.9877254689
        4.5824017483        1.6720860935
        4.6525405533        2.2408053801
        4.7226793584        4.0218069018
        4.7928181634        2.6648249878
        4.8629569685        2.1419988938
        4.9330957735        1.1494141341
        5.0032345786        1.9415118370
        5.0733733837        2.7048307544
        5.1435121887        1.6847244503
        5.2136509938        1.5112566030
        5.2837897988        2.6653509484
        5.3539286039        2.9670593053
        5.4240674089        1.6052058373
        5.4942062140        1.1426100798
        5.5643450190        1.5295739877
        5.6344838241        2.9167608143
        5.7046226292        2.5208970118
        5.7747614342        4.1861082837
        5.8449002393        3.8210439239
        5.9150390443        2.3124378162
        5.9851778494        1.7781588237
        6.0553166544        1.5860520651
        6.1254554595        1.4698801800
        6.1955942645        2.6924803137
        6.2657330696        1.6547506461
        6.3358718746        3.0446093595
        6.4060106797        3.6846330879
        6.4761494848        2.0934184921
        6.5462882898        3.1460086415
        6.6164270949        3.5495655587
        6.6865658999        3.2833508092
        6.7567047050        3.3956775593
        6.8268435100        3.4774667127
        6.8969823151        2.0955967329
        6.9671211201        2.2419719679
        7.0372599252        2.9710259894
        7.1073987303        2.9037890666
        7.1775375353        2.4010615773
        7.2476763404        2.2041135569
        7.3178151454        2.1999162946
        7.3879539505        1.9169796121
        7.4580927555        1.9499684870
        7.5282315606        2.3105400795
        7.5983703656        2.3449085617
        7.6685091707        1.3233652704
        7.7386479757        1.6418593213
        7.8087867808        2.0235877303
        7.8789255859        2.7280791875
        7.9490643909        4.0931050888
        8.0192031960        3.7013649513
        8.0893420010        3.1805576910
        8.1594808061        6.1401742204
        8.2296196111        3.9064737435
        8.2997584162        4.2312301355
        8.3698972212        3.2228088411
        8.4400360263        2.5593419399
        8.5101748314        3.4671615973
        8.5803136364        2.8324627125
        8.6504524415        2.5773424763
        8.7205912465        2.0591987333
        8.7907300516        1.8339481226
        8.8608688566        1.9038703223
        8.9310076617        2.1506626112
        9.0011464667        4.2707791311
        9.0712852718        2.1646069948
        9.1414240768        1.9263830831
        9.2115628819        3.2607380093
        9.2817016870        3.7520579574
        9.3518404920        2.6303604304
        9.4219792971        2.6656736194
        9.4921181021        4.3322838643
        9.5622569072        1.8601748485
        9.6323957122        2.6735140918
        9.7025345173        5.4942693832
        9.7726733223        2.4103824986
        9.8428121274        2.2684579530
        9.9129509325        2.6576296158
        9.9830897375        3.2190276734
       10.0532285426        2.3790242373
       10.1233673476        2.2003634839
       10.1935061527        2.2659201618
       10.2636449577        3.5227723572
       10.3337837628        2.5985435425
       10.4039225678        2.5302885854
       10.4740613729        2.2028015721
       10.5442001779        3.2219348509
       10.6143389830        5.5634264148
       10.6844777881        5.6459056439
       10.7546165931        7.2211590815
       10.8247553982        5.0067437668
       10.8948942032        4.6481549685
       10.9650330083        4.5721836320
       11.0351718133        5.2748354861
       11.1053106184        3.7366980344
       11.1754494234        8.7974455181
       11.2455882285        2.0809827243
       11.3157270336        1.1650348246
       11.3858658386        1.2891050033
       11.4560046437        2.3239911567
       11.5261434487        3.2191421967
       11.5962822538        3.7381160022
       11.6664210588        2.9558943103
       11.7365598639        0.0000000000
       11.8066986689        0.0000000000
       11.8768374740        0.0000000000
       11.9469762790        0.0000000000
       12.0171150841        0.0000000000
       12.0872538892        0.0000000000
       12.1573926942        0.0000000000
       12.2275314993        0.0000000000
       12.2976703043        0.0000000000
       12.3678091094        0.0000000000
       12.4379479144        0.0000000000
       12.5080867195        0.0000000000
       12.5782255245        0.0000000000
       12.6483643296        0.0000000000
       12.7185031347        0.0000000000
       12.7886419397        0.0000000000
       12.8587807448        0.0000000000
