# Tetrahedron method
       -2.3708936755        0.0000000000
       -2.2943851302        0.0000000000
       -2.2178765849        0.0000000000
       -2.1413680396        0.0000000000
       -2.0648594943        0.0000000000
       -1.9883509491        0.0000000000
       -1.9118424038        0.0000000000
       -1.8353338585        0.0000000000
       -1.7588253132        0.0000000000
       -1.6823167679        0.0000000000
       -1.6058082226        0.0000000000
       -1.5292996773        0.0000000000
       -1.4527911320        0.0000000000
       -1.3762825867        0.0000000000
       -1.2997740414        0.0000000000
       -1.2232654962        0.0000000000
       -1.1467569509        0.0000000000
       -1.0702484056        0.3209090806
       -0.9937398603        0.7816190569
       -0.9172313150        0.8466233334
       -0.8407227697        0.9744768235
       -0.7642142244        1.4578953111
       -0.6877056791        0.8729330768
       -0.6111971338        0.6412553187
       -0.5346885885        0.5009579948
       -0.4581800433        0.4187439085
       -0.3816714980        0.5120498627
       -0.3051629527        0.6016648868
       -0.2286544074        0.6318071651
       -0.1521458621        0.5594390842
       -0.0756373168        0.5349095768
        0.0008712285        0.5729638897
        0.0773797738        0.6784400868
        0.1538883191        0.8874756372
        0.2303968644        1.2727166837
        0.3069054096        1.6775386370
        0.3834139549        2.1174061658
        0.4599225002        2.6651243436
        0.5364310455        3.5087245244
        0.6129395908        3.2208422658
        0.6894481361        3.0011253853
        0.7659566814        2.9578668365
        0.8424652267        2.1924368103
        0.9189737720        1.7161996221
        0.9954823173        1.6339413280
        1.0719908625        1.3788480870
        1.1484994078        1.4781782836
        1.2250079531        1.5816655969
        1.3015164984        3.0832845298
        1.3780250437        5.2196468050
        1.4545335890        4.1975024207
        1.5310421343        5.1897076689
        1.6075506796        4.7311514544
        1.6840592249        6.2362726240
        1.7605677702        6.6769462184
        1.8370763154        4.9196729183
        1.9135848607        7.8496912279
        1.9900934060        6.3725204328
        2.0666019513        5.5844223186
        2.1431104966        2.0465264103
        2.2196190419        1.4638386523
        2.2961275872        1.4753232914
        2.3726361325        1.0057569360
        2.4491446778        0.9450666089
        2.5256532231        0.8705953696
        2.6021617683        1.3276516762
        2.6786703136        2.4422402224
        2.7551788589        1.6430888402
        2.8316874042        1.4343550704
        2.9081959495        1.3178460445
        2.9847044948        0.1234926946
        3.0612130401        0.0000000000
        3.1377215854        0.0000000000
        3.2142301307        0.0000000000
        3.2907386760        0.0000000000
        3.3672472212        0.0000000000
        3.4437557665        0.0000000000
        3.5202643118        0.0000000000
        3.5967728571        0.0000000000
        3.6732814024        0.0000000000
        3.7497899477        0.0000000000
        3.8262984930        0.0000000000
        3.9028070383        0.0000000000
        3.9793155836        0.0000000000
        4.0558241289        0.0000000000
        4.1323326742        0.0000000000
        4.2088412194        0.0000000000
        4.2853497647        0.0000000000
        4.3618583100        0.0000000000
        4.4383668553        0.0000000000
        4.5148754006        0.0000000000
        4.5913839459        0.0000000000
        4.6678924912        0.0000000000
        4.7444010365        0.0000000000
        4.8209095818        0.0000000000
        4.8974181271        0.0000000000
        4.9739266723        0.0000000000
        5.0504352176        0.0000000000
        5.1269437629        0.0000000000
        5.2034523082        0.0000000000
        5.2799608535        0.0000000000
        5.3564693988        0.0000000000
        5.4329779441        0.0000000000
        5.5094864894        0.0000000000
        5.5859950347        0.0000000000
        5.6625035800        0.0000000000
        5.7390121252        0.0000000000
        5.8155206705        0.0000000000
        5.8920292158        0.0000000000
        5.9685377611        0.0000000000
        6.0450463064        0.0000000000
        6.1215548517        0.0000000000
        6.1980633970        0.0000000000
        6.2745719423        0.0000000000
        6.3510804876        0.0000000000
        6.4275890329        0.0000000000
        6.5040975781        0.0000000000
        6.5806061234        0.0000000000
        6.6571146687        0.0000000000
        6.7336232140        0.0000000000
        6.8101317593        0.0000000000
        6.8866403046        0.0000000000
        6.9631488499        0.0000000000
        7.0396573952        5.5250810689
        7.1161659405        3.2977952606
        7.1926744858        1.6284685888
        7.2691830310        1.0824360951
        7.3456915763        0.7550432413
        7.4222001216        0.5101947976
        7.4987086669        0.3003016087
        7.5752172122        0.0000000000
        7.6517257575        0.0000000000
        7.7282343028        0.0000000000
        7.8047428481        0.0000000000
        7.8812513934        0.0000000000
        7.9577599387        0.0000000000
        8.0342684839        0.0000000000
        8.1107770292        0.0000000000
        8.1872855745        0.3628281291
        8.2637941198        1.3913712536
        8.3403026651        1.5882585601
        8.4168112104        1.8270934808
        8.4933197557        2.2836857743
        8.5698283010        3.6223047367
        8.6463368463        3.4046601953
        8.7228453916        2.0222898493
        8.7993539368        1.4593066063
        8.8758624821        1.1311988124
        8.9523710274        2.5108768870
        9.0288795727        3.0863310907
        9.1053881180        1.5639490076
        9.1818966633        5.2293208992
        9.2584052086        3.2399388847
        9.3349137539        2.8815935340
        9.4114222992        2.0273189261
        9.4879308445        0.0000000000
        9.5644393897        0.0000000000
        9.6409479350        0.0000000000
        9.7174564803        0.0000000000
        9.7939650256        0.0000000000
        9.8704735709        0.0000000000
        9.9469821162        0.0000000000
       10.0234906615        0.0000000000
       10.0999992068        0.0000000000
       10.1765077521        0.0000000000
       10.2530162974       11.2068602442
       10.3295248426        8.2539780419
       10.4060333879        2.0048671479
       10.4825419332        2.1392627600
       10.5590504785        3.7725927294
       10.6355590238        1.3777742598
       10.7120675691        4.1075781519
       10.7885761144        3.4668342615
       10.8650846597        3.5775962761
       10.9415932050        3.7483146105
       11.0181017503        2.7767744202
       11.0946102955        3.4158303388
       11.1711188408        4.5193360865
       11.2476273861        2.0037467067
       11.3241359314        1.5349252058
       11.4006444767        1.2337930111
       11.4771530220        2.2008060275
       11.5536615673        5.7752473885
       11.6301701126        0.7037967682
       11.7066786579        0.0000000000
       11.7831872032        0.0000000000
       11.8596957484        0.0000000000
       11.9362042937        0.0000000000
       12.0127128390        0.0000000000
       12.0892213843        0.0000000000
       12.1657299296        0.0000000000
       12.2422384749        0.0000000000
       12.3187470202        0.0000000000
       12.3952555655        0.0000000000
       12.4717641108        0.0000000000
       12.5482726561        0.0000000000
       12.6247812013        0.0000000000
       12.7012897466        0.0000000000
       12.7777982919        0.0000000000
       12.8543068372        0.0000000000
       12.9308153825        0.0000000000
