# Tetrahedron method
       -0.2206223697        0.0000000000
       -0.2073850288        0.0000000000
       -0.1941476879        0.0000000000
       -0.1809103470        0.0000000000
       -0.1676730061        0.0000000000
       -0.1544356653        0.0000000000
       -0.1411983244        0.0000000000
       -0.1279609835        0.0000000000
       -0.1147236426        0.0000000000
       -0.1014863017        0.0000000000
       -0.0882489609        0.0000000000
       -0.0750116200        0.0000000000
       -0.0617742791        0.0000000000
       -0.0485369382        0.0000000000
       -0.0352995973        0.0000000000
       -0.0220622565        0.0000000000
       -0.0088249156        0.0000000000
        0.0044124253        0.0003068108
        0.0176497662        0.0049089895
        0.0308871071        0.0150337878
        0.0441244479        0.0306812059
        0.0573617888        0.0518512436
        0.0705991297        0.1017567742
        0.0838364706        0.1725985491
        0.0970738115        0.2279633339
        0.1103111523        0.3031092692
        0.1235484932        0.3694031269
        0.1367858341        0.4380716125
        0.1500231750        0.5377757235
        0.1632605159        0.6683735376
        0.1764978568        0.7563812420
        0.1897351976        0.8654672370
        0.2029725385        0.9804928341
        0.2162098794        1.1131856305
        0.2294472203        1.2425885356
        0.2426845612        1.4199395899
        0.2559219020        1.5837453813
        0.2691592429        1.7447014828
        0.2823965838        1.8825492289
        0.2956339247        2.0293299175
        0.3088712656        2.1819228565
        0.3221086064        2.3297148553
        0.3353459473        2.4831235707
        0.3485832882        2.7745346305
        0.3618206291        2.9762769998
        0.3750579700        3.1493196364
        0.3882953108        3.3170290099
        0.4015326517        3.4843365039
        0.4147699926        3.6879310220
        0.4280073335        3.9325576676
        0.4412446744        4.1080697271
        0.4544820152        4.3689516262
        0.4677193561        4.5494024104
        0.4809566970        4.7351004641
        0.4941940379        4.9598948807
        0.5074313788        5.2135536715
        0.5206687196        5.5315629528
        0.5339060605        5.8518507531
        0.5471434014        6.1471816222
        0.5603807423        6.8616440134
        0.5736180832        7.2839628339
        0.5868554240        7.1860167330
        0.6000927649        6.9566425797
        0.6133301058        7.2627937479
        0.6265674467        8.1250427634
        0.6398047876        8.2685093554
        0.6530421284        8.2507365657
        0.6662794693        9.0084557958
        0.6795168102        9.5118959400
        0.6927541511        9.6138892611
        0.7059914920        9.5754623150
        0.7192288329       10.2121229595
        0.7324661737       13.9088352988
        0.7457035146       13.4433353102
        0.7589408555       11.7723691263
        0.7721781964       13.0288572336
        0.7854155373       14.0815320752
        0.7986528781       13.9713718167
        0.8118902190       14.8334617997
        0.8251275599       15.2585953275
        0.8383649008       16.9266307558
        0.8516022417       16.4630339002
        0.8648395825       18.0108625418
        0.8780769234       20.8006144155
        0.8913142643       19.4105261716
        0.9045516052       19.8891176661
        0.9177889461       26.9443441709
        0.9310262869       24.5592799461
        0.9442636278       24.5164599329
        0.9575009687       28.6463596183
        0.9707383096       29.0038835408
        0.9839756505       32.7538219134
        0.9972129913       31.5685681044
        1.0104503322       30.3879080832
        1.0236876731       32.8345103181
        1.0369250140       35.7245421724
        1.0501623549       40.6241459598
        1.0633996957       40.1371466782
        1.0766370366       37.9451288313
        1.0898743775       38.7397730996
        1.1031117184       35.4689750064
        1.1163490593       36.4231294934
        1.1295864001       41.1584760031
        1.1428237410       37.8984817430
        1.1560610819       38.4076577391
        1.1692984228       38.6334289802
        1.1825357637       38.1007106118
        1.1957731045       35.0154741844
        1.2090104454       40.7990063040
        1.2222477863       37.2977364475
        1.2354851272       36.5317722501
        1.2487224681       39.3444857483
        1.2619598090       46.6443859125
        1.2751971498       46.6935744165
        1.2884344907       42.0049357741
        1.3016718316       38.9747011494
        1.3149091725       41.0924172827
        1.3281465134       40.3291585357
        1.3413838542       35.9134680057
        1.3546211951       39.0478482227
        1.3678585360       38.9919613365
        1.3810958769       36.8998550188
        1.3943332178       37.1446296604
        1.4075705586       36.2095245787
        1.4208078995       34.7685260991
        1.4340452404       36.7989752037
        1.4472825813       38.1700027791
        1.4605199222       37.9542292152
        1.4737572630       35.6062043700
        1.4869946039       31.3894532805
        1.5002319448       31.8272334323
        1.5134692857       26.5935773074
        1.5267066266       29.8684294491
        1.5399439674       29.8580717953
        1.5531813083       28.9206494750
        1.5664186492       29.2759958474
        1.5796559901       33.9466152027
        1.5928933310       34.6147163407
        1.6061306718       29.9114537804
        1.6193680127       27.0812441307
        1.6326053536       26.3090270411
        1.6458426945       23.0570244992
        1.6590800354       21.3007797897
        1.6723173762       18.3160509688
        1.6855547171       16.3019921541
        1.6987920580       14.6297455333
        1.7120293989       13.1578388498
        1.7252667398       10.9292447098
        1.7385040807        8.6259632421
        1.7517414215        6.3807723461
        1.7649787624        4.9742740287
        1.7782161033        4.8589850515
        1.7914534442        5.8538120714
        1.8046907851        7.7319266908
        1.8179281259       10.4765639419
        1.8311654668       14.0757986623
        1.8444028077       18.8803088297
        1.8576401486       19.3574770384
        1.8708774895       21.0157792243
        1.8841148303       24.0126327529
        1.8973521712       28.6917000079
        1.9105895121       31.6036122354
        1.9238268530       34.9441788275
        1.9370641939       36.6784904878
        1.9503015347       37.7964591001
        1.9635388756       39.8889980963
        1.9767762165       41.5418650561
        1.9900135574       44.1551258525
        2.0032508983       48.7232760772
        2.0164882391       52.8929854163
        2.0297255800       53.9487116412
        2.0429629209       61.4335962036
        2.0562002618       51.4734485891
        2.0694376027       61.6529549351
        2.0826749435       51.2024600773
        2.0959122844       48.1617631004
        2.1091496253       46.2820093952
        2.1223869662       45.5164384479
        2.1356243071       38.7664866592
        2.1488616479       48.8288480604
        2.1620989888       67.0627785056
        2.1753363297       29.6369163913
        2.1885736706       13.9517972018
        2.2018110115        6.2906856600
        2.2150483523        0.0000000000
        2.2282856932        0.0000000000
        2.2415230341        0.0000000000
        2.2547603750        0.0000000000
        2.2679977159        0.0000000000
        2.2812350568        0.0000000000
        2.2944723976        0.0000000000
        2.3077097385        0.0000000000
        2.3209470794        0.0000000000
        2.3341844203        0.0000000000
        2.3474217612        0.0000000000
        2.3606591020        0.0000000000
        2.3738964429        0.0000000000
        2.3871337838        0.0000000000
        2.4003711247        0.0000000000
        2.4136084656        0.0000000000
        2.4268458064        0.0000000000
