Index	e_above_hull	formation_energy	Sn_fraction
mp-0	0.011241	-0.183724	0.714286
mp-1	0.000889	-0.365266	0.250000
mp-2	0.015944	0.015944	0.000000
mp-3	0.049689	0.049689	0.000000
mp-4	0.026950	0.026950	1.000000
mp-5	0.000404	-0.368824	0.285714
mp-6	0.004503	0.004503	0.000000
mp-7	0.015654	0.015654	1.000000
mp-8	0.015282	0.015282	1.000000
mp-9	0.004322	-0.170479	0.750000
mp-10	0.017642	-0.332976	0.222222
mp-11	0.013840	0.013840	0.000000
mp-12	0.002585	-0.313363	0.500000
mp-13	0.007472	0.007472	1.000000
mp-14	0.005928	-0.294234	0.185185
mp-15	0.013766	0.013766	0.000000
mp-16	0.000000	0.000000	1.000000
mp-17	0.008993	0.008993	1.000000
mp-18	0.010047	-0.305901	0.500000
mp-19	0.015084	0.015084	0.000000
mp-20	0.006915	-0.358761	0.300000
mp-21	0.017659	0.017659	1.000000
mp-22	0.000151	-0.308588	0.190476
mp-23	0.000000	0.000000	0.000000
mp-24	0.008998	0.008998	1.000000
mp-25	0.014662	0.014662	0.000000
mp-26	0.000019	-0.369120	0.277778
mp-27	0.275905	0.275905	0.000000
mp-28	0.023154	0.023154	1.000000
O-0	0.003026	-0.365571	0.272727
O-1	0.000520	-0.365635	0.250000
O-2	0.273449	0.156914	0.833333
O-3	0.092372	-0.223576	0.500000
O-4	0.078096	-0.262716	0.400000
O-5	0.087606	-0.228343	0.500000
O-6	0.038022	-0.302790	0.400000
O-7	0.053619	-0.168231	0.666667
O-8	0.031006	-0.284943	0.500000
O-9	0.129408	-0.045393	0.750000
O-10	0.014369	-0.351307	0.300000
O-11	0.071931	-0.123034	0.714286
O-12	0.026992	-0.330396	0.333333
O-13	0.080077	-0.094725	0.750000
O-14	0.019522	-0.183088	0.125000
O-15	0.131141	0.053452	0.888889
O-16	0.081589	-0.093212	0.750000
O-17	0.039805	-0.276143	0.500000
O-18	0.040755	-0.275193	0.500000
O-19	0.147165	0.030631	0.833333
O-20	1.061144	0.839294	0.666667
O-21	0.000000	-0.321757	0.200000
O-22	0.080052	-0.094750	0.750000
O-23	0.223559	-0.133829	0.333333
O-24	0.079564	-0.095237	0.750000
O-25	0.004359	-0.364781	0.277778
O-26	0.323605	0.007657	0.500000
O-27	0.026842	-0.330546	0.333333
O-28	0.052414	-0.207075	0.600000
O-29	0.206158	-0.074504	0.562500
O-30	0.273061	0.092963	0.111111
O-31	0.031006	-0.284943	0.500000
O-32	0.005332	-0.363896	0.285714
O-33	0.080077	-0.094725	0.750000
O-34	0.046035	-0.269913	0.500000
O-35	0.897646	0.540258	0.333333
O-36	0.006797	-0.263350	0.166667
O-37	0.054987	-0.285324	0.214286
O-38	1.345043	1.036305	0.190476
O-39	0.248695	0.026844	0.666667
O-40	0.061145	-0.305010	0.250000
O-41	0.055615	-0.308148	0.307692
O-42	0.813105	0.497157	0.500000
O-43	0.000000	-0.350618	0.222222
O-44	0.257945	-0.108210	0.250000
O-45	0.003032	-0.365565	0.272727
O-46	0.031006	-0.284943	0.500000
O-47	0.000514	-0.365642	0.250000
O-48	0.015689	-0.334929	0.222222
O-49	0.069120	-0.297035	0.250000
O-50	0.000520	-0.365635	0.250000
O-51	0.061667	-0.295721	0.333333
O-52	0.413977	0.066949	0.375000
a-0	0.011997	-0.303951	0.500000
a-1	0.047091	-0.127710	0.750000
a-2	0.068884	-0.288504	0.333333
a-3	0.000000	-0.308739	0.190476
a-4	0.000708	-0.365448	0.250000
a-5	0.174592	0.058058	0.833333
a-6	0.071227	-0.286161	0.333333
a-7	0.056747	-0.259201	0.500000
a-8	0.036886	-0.165723	0.125000
a-9	0.017402	-0.204448	0.666667
a-10	0.014662	-0.342726	0.333333
a-11	0.000741	-0.315207	0.500000
a-12	0.060867	-0.255081	0.500000
a-13	0.037482	-0.319906	0.333333
a-14	0.014368	-0.301580	0.500000
a-15	0.014892	-0.342496	0.333333
a-16	0.053903	-0.205587	0.600000
a-17	0.037533	-0.319855	0.333333
a-18	0.010489	-0.346899	0.333333
a-19	0.071520	-0.150331	0.666667
a-20	0.109431	-0.256724	0.250000
a-21	0.083529	-0.232419	0.500000
a-22	0.130713	-0.226675	0.333333
a-23	0.069519	-0.246429	0.500000
a-24	0.009724	-0.347664	0.333333
a-25	0.107516	-0.249872	0.333333
a-26	0.033410	-0.083124	0.833333
a-27	0.004553	-0.170248	0.750000
a-28	0.006939	-0.358737	0.300000
a-29	0.033644	-0.188206	0.666667
a-30	0.083123	-0.232825	0.500000
a-31	0.000870	-0.173931	0.750000
a-32	0.070555	-0.104246	0.750000
a-33	0.280732	-0.076656	0.333333
a-34	0.008271	-0.261876	0.166667
a-35	0.172815	-0.184573	0.333333
a-36	0.002188	-0.313760	0.500000
a-37	0.001638	-0.314310	0.500000
a-38	0.029732	-0.192118	0.666667
a-39	0.027333	-0.330055	0.333333
a-40	0.129752	-0.236403	0.250000
a-41	0.020120	-0.201730	0.666667
a-42	0.033886	-0.140915	0.750000
a-43	0.004385	-0.311563	0.500000
a-44	0.000496	-0.365660	0.250000
a-45	0.037575	-0.319813	0.333333
a-46	0.066285	-0.108516	0.750000
a-47	0.063372	-0.302784	0.250000
a-48	0.122166	-0.235222	0.333333
a-49	0.022311	-0.199539	0.666667
a-50	0.183963	-0.137794	0.200000
a-51	0.068133	-0.216449	0.555556
a-52	0.013084	-0.208766	0.666667
a-53	0.105042	-0.261113	0.250000
a-54	0.216255	-0.105503	0.200000
a-55	0.011325	-0.346063	0.333333
a-56	0.049563	-0.307825	0.333333
a-57	0.103163	-0.262992	0.250000
a-58	0.000158	-0.368982	0.277778
a-59	0.015074	-0.206776	0.666667
a-60	0.072745	-0.149105	0.666667
a-61	0.046091	-0.175759	0.666667
a-62	0.037548	-0.319840	0.333333
a-63	0.004971	-0.169830	0.750000
a-64	0.157086	-0.158862	0.500000
a-65	0.001024	-0.365132	0.250000
a-66	0.185540	-0.171848	0.333333
a-67	0.088293	-0.277863	0.250000
a-68	0.015676	-0.206175	0.666667
a-69	0.056363	-0.259585	0.500000
a-70	0.189388	-0.132369	0.200000
a-71	0.049521	-0.125280	0.750000
a-72	0.063416	-0.302739	0.250000
a-73	0.010334	-0.129507	0.800000
a-74	0.241692	-0.124463	0.250000
a-75	0.042654	-0.179196	0.666667
a-76	0.000474	-0.174327	0.750000
a-77	0.029566	-0.192284	0.666667
a-78	0.039509	-0.276439	0.500000
a-79	0.038173	-0.136628	0.750000
a-80	0.000000	-0.369228	0.285714
a-81	0.037430	-0.319958	0.333333
a-82	0.007053	-0.358623	0.300000
a-83	0.001424	-0.314524	0.500000
a-84	0.046759	-0.128043	0.750000
a-85	0.130808	-0.235347	0.250000
a-86	0.014835	-0.301113	0.500000
a-87	0.127335	-0.188613	0.500000
a-88	0.203734	-0.112214	0.500000
a-89	0.000708	-0.365448	0.250000
a-90	0.082769	-0.233179	0.500000
a-91	0.037570	-0.319818	0.333333
a-92	0.061657	-0.295731	0.333333
a-93	0.052982	-0.121819	0.750000
a-94	0.056127	-0.165723	0.666667
a-95	0.001600	-0.314348	0.500000
a-96	0.239535	-0.126621	0.250000
a-97	0.033286	-0.188564	0.666667
a-98	0.093643	-0.128208	0.666667
a-99	0.011608	-0.183358	0.714286
a-100	0.055221	-0.166629	0.666667
a-101	0.228484	-0.041662	0.166667
a-102	0.038633	-0.136168	0.750000
a-103	0.017901	-0.203949	0.666667
a-104	0.000038	-0.308701	0.190476
a-105	0.033896	-0.082638	0.833333
a-106	0.157114	-0.158834	0.500000
a-107	0.000862	-0.365293	0.250000
a-108	0.014566	-0.301382	0.500000
a-109	0.004964	-0.169837	0.750000
a-110	0.000000	-0.369139	0.277778
a-111	0.185800	-0.171587	0.333333
a-112	0.107474	-0.249914	0.333333
a-113	0.000137	-0.369091	0.285714
a-114	0.121816	-0.203695	0.461538
a-115	0.063373	-0.302782	0.250000
a-116	0.192457	0.075923	0.833333
a-117	0.000217	-0.174584	0.750000
a-118	0.015246	-0.342142	0.333333
a-119	0.017640	-0.332977	0.222222
a-120	0.001240	-0.314708	0.500000
a-121	0.015015	-0.342373	0.333333
a-122	0.045927	-0.175923	0.666667
a-123	0.224147	-0.091801	0.500000
a-124	0.135762	-0.180186	0.500000
a-125	0.080749	-0.094052	0.750000
a-126	0.017637	-0.332980	0.222222
a-127	0.133532	-0.182416	0.500000
a-128	0.011616	-0.183350	0.714286
a-129	0.121122	-0.149024	0.166667
a-130	0.000000	-0.366155	0.250000
a-131	0.090831	-0.225117	0.500000
a-132	0.072688	-0.257073	0.444444
a-133	0.043905	-0.130896	0.750000
a-134	0.018380	-0.251767	0.166667
a-135	0.022517	-0.199333	0.666667
a-136	0.063341	-0.302815	0.250000
a-137	0.130580	-0.235575	0.250000
a-138	0.015356	-0.206494	0.666667
a-139	0.003734	-0.171067	0.750000
a-140	0.015046	-0.206804	0.666667
a-141	0.013076	-0.302872	0.500000
a-142	0.052499	-0.263449	0.500000
a-143	0.022837	-0.199013	0.666667
a-144	0.033309	-0.083225	0.833333
a-145	0.179603	0.039762	0.800000
a-146	0.083239	-0.232709	0.500000
a-147	0.047031	-0.268917	0.500000
a-148	0.038493	-0.141605	0.111111
a-149	0.224329	-0.091619	0.500000
a-150	0.005545	-0.294618	0.185185
a-151	0.047609	-0.127192	0.750000
a-152	0.093003	-0.128847	0.666667
a-153	0.032710	-0.283238	0.500000
a-154	0.113723	-0.061078	0.750000
a-155	0.046337	-0.291046	0.413793
a-156	0.004953	-0.169848	0.750000
gen-1-0	0.018146	-0.339241	0.333333
gen-1-1	0.023073	-0.292875	0.500000
gen-1-2	0.012448	-0.353228	0.300000
gen-1-3	0.043430	-0.278327	0.200000
gen-1-4	0.021033	-0.308729	0.444444
gen-1-5	0.020041	-0.320771	0.400000
gen-1-6	0.002280	-0.313668	0.500000
gen-1-7	0.021513	-0.335875	0.333333
gen-1-8	0.024613	-0.332775	0.333333
gen-1-9	0.018303	-0.332315	0.222222
gen-1-10	0.017209	-0.340179	0.333333
gen-1-11	0.022208	-0.314460	0.416667
gen-1-12	0.012425	-0.218835	0.650000
gen-1-13	0.032808	-0.324580	0.333333
gen-1-14	0.028032	-0.321821	0.363636
gen-1-15	0.027643	-0.174967	0.125000
gen-1-16	0.000000	-0.315948	0.500000
gen-1-17	0.015768	-0.264893	0.562500
gen-1-18	0.023788	-0.221587	0.625000
gen-1-19	0.025023	-0.206237	0.650000
gen-1-20	0.002125	-0.313823	0.500000
gen-1-21	0.033320	-0.288437	0.200000
gen-1-22	0.013058	-0.271524	0.555556
gen-1-23	0.016936	-0.348740	0.300000
gen-1-24	0.032082	-0.308730	0.400000
gen-1-25	0.026081	-0.325387	0.357143
gen-1-26	0.032696	-0.169913	0.125000
gen-1-27	0.014431	-0.261189	0.571429
gen-1-28	0.014027	-0.207823	0.666667
gen-1-29	0.018146	-0.184464	0.125000
gen-1-30	0.011008	-0.351560	0.312500
gen-1-31	0.008588	-0.261558	0.166667
gen-1-32	0.015225	-0.350930	0.250000
gen-1-33	0.034757	-0.210617	0.625000
gen-1-34	0.000793	-0.315155	0.500000
gen-1-35	0.021652	-0.200198	0.666667
gen-1-36	0.012849	-0.303099	0.500000
gen-1-37	0.023970	-0.291978	0.500000
gen-1-38	0.014688	-0.326124	0.400000
gen-1-39	0.044239	-0.321437	0.300000
gen-1-40	0.017367	-0.348309	0.300000
gen-1-41	0.020412	-0.154389	0.750000
gen-1-42	0.019115	-0.265467	0.555556
gen-1-43	0.017940	-0.184670	0.125000
gen-1-44	0.013387	-0.316374	0.444444
gen-1-45	0.015448	-0.164649	0.111111
gen-1-46	0.016213	-0.341175	0.333333
gen-1-47	0.004135	-0.362021	0.250000
gen-1-48	0.005400	-0.216450	0.666667
gen-1-49	0.025770	-0.196081	0.666667
gen-1-50	0.013796	-0.208054	0.666667
gen-1-51	0.012285	-0.256614	0.583333
gen-1-52	0.029131	-0.286817	0.500000
gen-1-53	0.043002	-0.326226	0.285714
gen-1-54	0.017990	-0.241499	0.600000
gen-1-55	0.021737	-0.319075	0.400000
gen-1-56	0.001621	-0.367607	0.285714
gen-1-57	0.009854	-0.347534	0.333333
gen-1-58	0.014174	-0.266487	0.562500
gen-1-59	0.017142	-0.323670	0.400000
gen-1-60	0.017818	-0.339569	0.333333
gen-1-61	0.007543	-0.308405	0.500000
gen-1-62	0.030030	-0.335646	0.300000
gen-1-63	0.025291	-0.315521	0.400000
gen-1-64	0.031149	-0.312426	0.388889
gen-1-65	0.030949	-0.316078	0.375000
gen-1-66	0.013667	-0.245822	0.600000
gen-1-67	0.017198	-0.242291	0.600000
gen-1-68	0.014683	-0.301265	0.500000
gen-1-69	0.016088	-0.200029	0.133333
gen-1-70	0.044230	-0.277527	0.200000
gen-1-71	0.034095	-0.332060	0.250000
gen-1-72	0.022564	-0.222810	0.625000
gen-1-73	0.038324	-0.141774	0.111111
gen-1-74	0.014411	-0.217143	0.142857
gen-1-75	0.015963	-0.254183	0.166667
gen-1-76	0.016852	-0.349304	0.250000
gen-1-77	0.003651	0.003651	0.000000
gen-1-78	0.001375	-0.314573	0.500000
gen-1-79	0.031433	-0.237466	0.583333
gen-1-80	0.015244	-0.260376	0.571429
gen-1-81	0.027867	-0.308801	0.416667
gen-1-82	0.003095	-0.318662	0.200000
gen-1-83	0.015525	-0.206325	0.666667
gen-1-84	0.003881	-0.170920	0.750000
gen-1-85	0.014319	-0.301629	0.500000
gen-1-86	0.027131	-0.294626	0.200000
gen-1-87	0.024335	-0.307153	0.437500
gen-1-88	0.022300	-0.199550	0.666667
gen-1-89	0.021792	-0.200058	0.666667
gen-1-90	0.026818	-0.243328	0.166667
gen-1-91	0.002945	-0.171856	0.750000
gen-1-92	0.025702	-0.296055	0.200000
gen-1-93	0.000874	-0.315074	0.500000
gen-1-94	0.014659	-0.319049	0.428571
gen-1-95	0.013937	-0.343451	0.333333
gen-1-96	0.017043	-0.323769	0.400000
gen-1-97	0.038508	-0.327168	0.300000
gen-1-98	0.022675	-0.246225	0.583333
gen-1-99	0.025212	-0.220162	0.625000
gen-1-100	0.017292	-0.348384	0.300000
gen-1-101	0.019034	-0.338354	0.333333
gen-1-102	0.024833	-0.197018	0.666667
gen-1-103	0.011406	-0.304542	0.500000
gen-1-104	0.010848	-0.305100	0.500000
gen-1-105	0.016791	-0.340597	0.333333
gen-1-106	0.014255	0.014255	0.000000
gen-1-107	0.002126	-0.313823	0.500000
gen-1-108	0.000975	-0.314973	0.500000
gen-1-109	0.027388	-0.329999	0.333333
gen-1-110	0.036931	-0.314537	0.357143
gen-1-111	0.011987	-0.258159	0.166667
gen-1-112	0.026409	-0.314403	0.400000
gen-1-113	0.022166	-0.318646	0.400000
gen-1-114	0.041292	-0.324863	0.250000
gen-1-115	0.025662	-0.196188	0.666667
gen-1-116	0.029468	-0.314107	0.388889
gen-1-117	0.011364	-0.210486	0.666667
gen-1-118	0.033874	-0.323514	0.333333
gen-1-119	0.010596	-0.346792	0.333333
gen-1-120	0.003345	-0.312603	0.500000
gen-1-121	0.031633	-0.311941	0.388889
gen-1-122	0.010245	-0.192786	0.700000
gen-1-123	0.010242	-0.347146	0.333333
gen-1-124	0.040799	-0.275149	0.500000
gen-1-125	0.001009	-0.365146	0.250000
gen-1-126	0.012402	-0.272180	0.555556
gen-1-127	0.014353	-0.343035	0.333333
gen-1-128	0.021774	-0.314894	0.416667
gen-1-129	0.014805	0.014805	0.000000
gen-1-130	0.026700	-0.323153	0.363636
gen-1-131	0.016611	-0.324201	0.400000
gen-1-132	0.031777	-0.325610	0.333333
gen-1-133	0.018331	-0.203519	0.666667
gen-1-134	0.010420	-0.305528	0.500000
gen-1-135	0.042800	-0.251905	0.181818
gen-1-136	0.019538	-0.337849	0.333333
gen-1-137	0.030569	-0.185548	0.133333
gen-1-138	0.027416	-0.329972	0.333333
gen-1-139	0.008320	-0.307628	0.500000
gen-1-140	0.014367	-0.273352	0.550000
gen-1-141	0.022994	-0.247152	0.166667
gen-1-142	0.002388	-0.348230	0.222222
gen-1-143	0.025419	-0.278496	0.187500
gen-1-144	0.023510	-0.323518	0.375000
gen-1-145	0.039438	-0.317950	0.333333
gen-1-146	0.016237	-0.324575	0.400000
gen-1-147	0.024167	-0.235322	0.600000
gen-1-148	0.011091	-0.346297	0.333333
gen-1-149	0.034680	-0.334548	0.285714
gen-1-150	0.013916	-0.256230	0.166667
gen-1-151	0.020221	-0.320591	0.400000
gen-1-152	0.008706	-0.307242	0.500000
gen-1-153	0.029286	-0.192564	0.666667
gen-1-154	0.020260	-0.320552	0.400000
gen-1-155	0.001077	-0.314871	0.500000
gen-1-156	0.005431	-0.360245	0.300000
gen-1-157	0.036507	-0.320881	0.333333
gen-1-158	0.024434	-0.338134	0.312500
gen-1-159	0.013089	-0.302859	0.500000
gen-1-160	0.011544	-0.304404	0.500000
gen-1-161	0.010602	-0.346786	0.333333
gen-1-162	0.003780	-0.266366	0.166667
gen-1-163	0.013936	-0.302012	0.500000
gen-1-164	0.011598	-0.345790	0.333333
gen-1-165	0.001271	-0.173530	0.750000
gen-1-166	0.015390	-0.206460	0.666667
gen-1-167	0.000000	-0.174801	0.750000
gen-1-168	0.024433	-0.220941	0.625000
gen-1-169	0.023606	-0.246540	0.166667
gen-1-170	0.027598	-0.309070	0.416667
gen-1-171	0.017577	-0.329451	0.375000
gen-1-172	0.009542	-0.312216	0.200000
gen-1-173	0.002795	-0.347823	0.222222
gen-1-174	0.015154	-0.318554	0.428571
gen-1-175	0.005489	-0.216361	0.666667
gen-1-176	0.009535	-0.306413	0.500000
gen-1-177	0.024891	-0.332497	0.333333
gen-1-178	0.010217	-0.347171	0.333333
gen-1-179	0.032231	-0.308581	0.400000
gen-1-180	0.002502	-0.313446	0.500000
gen-1-181	0.008079	-0.342539	0.222222
gen-1-182	0.001428	-0.314520	0.500000
gen-1-183	0.016877	-0.340511	0.333333
gen-1-184	0.000527	-0.365628	0.250000
gen-1-185	0.020538	-0.320274	0.400000
gen-1-186	0.009851	-0.347537	0.333333
gen-1-187	0.020948	-0.315720	0.416667
gen-1-188	0.017203	-0.340185	0.333333
gen-1-189	0.019376	-0.240113	0.600000
gen-1-190	0.030107	-0.291650	0.200000
gen-1-191	0.012613	-0.353063	0.300000
gen-1-192	0.026100	-0.320928	0.375000
gen-1-193	0.018300	-0.251846	0.166667
gen-1-194	0.018954	-0.338434	0.333333
gen-1-195	0.015779	-0.206072	0.666667
gen-1-196	0.010287	-0.347101	0.333333
gen-1-197	0.004808	-0.360868	0.300000
gen-1-198	0.015249	-0.275036	0.545455
gen-1-199	0.035738	-0.330417	0.250000
gen-2-0	0.029936	-0.301552	0.437500
gen-2-1	0.012176	0.012176	1.000000
gen-2-2	0.011385	0.011385	1.000000
gen-2-3	0.026125	-0.168840	0.714286
gen-2-4	0.006321	0.006321	1.000000
gen-2-5	0.025239	-0.290709	0.500000
gen-2-6	0.024216	-0.297541	0.200000
gen-2-7	0.003751	-0.171050	0.750000
gen-2-8	0.015669	0.015669	1.000000
gen-2-9	0.019442	-0.321370	0.400000
gen-2-10	0.023308	-0.345831	0.277778
gen-2-11	0.018404	0.018404	1.000000
gen-2-12	0.013047	-0.281658	0.181818
gen-2-13	0.021705	0.021705	1.000000
gen-2-14	0.011478	-0.276241	0.550000
gen-2-15	0.022654	-0.132725	0.777778
gen-2-16	0.011445	0.011445	1.000000
gen-2-17	0.015235	0.015235	1.000000
gen-2-18	0.000981	-0.314967	0.500000
gen-2-19	0.019513	-0.337875	0.333333
gen-2-20	0.022615	0.022615	1.000000
gen-2-21	0.010699	-0.305249	0.500000
gen-2-22	0.002966	-0.318791	0.200000
gen-2-23	0.021787	0.021787	1.000000
gen-2-24	0.014781	-0.321887	0.416667
gen-2-25	0.031022	-0.253560	0.555556
gen-2-26	0.019637	-0.239852	0.600000
gen-2-27	0.039520	-0.329077	0.272727
gen-2-28	0.004400	-0.361756	0.250000
gen-2-29	0.012366	0.012366	1.000000
gen-2-30	0.014327	-0.325984	0.214286
gen-2-31	0.011708	0.011708	1.000000
gen-2-32	0.018582	-0.184449	0.700000
gen-2-33	0.021548	0.021548	1.000000
gen-2-34	0.029857	-0.286091	0.500000
gen-2-35	0.006797	-0.358879	0.300000
gen-2-36	0.006311	0.006311	1.000000
gen-2-37	0.001267	-0.314681	0.500000
gen-2-38	0.021665	-0.223709	0.625000
gen-2-39	0.011760	0.011760	1.000000
gen-2-40	0.026441	-0.295316	0.200000
gen-2-41	0.017078	0.017078	1.000000
gen-2-42	0.015327	0.015327	1.000000
gen-2-43	0.020975	0.020975	1.000000
gen-2-44	0.006423	-0.263723	0.166667
gen-2-45	0.014035	0.014035	1.000000
gen-2-46	0.001081	-0.314867	0.500000
gen-2-47	0.022749	-0.334639	0.333333
gen-2-48	0.023614	0.023614	1.000000
gen-2-49	0.018223	-0.251923	0.166667
gen-2-50	0.014055	-0.343333	0.333333
gen-2-51	0.011134	0.011134	1.000000
gen-2-52	0.025220	-0.326248	0.357143
gen-2-53	0.015312	-0.206538	0.666667
gen-2-54	0.002720	-0.363435	0.250000
gen-2-55	0.015171	0.015171	1.000000
gen-2-56	0.023746	-0.235743	0.600000
gen-2-57	0.022844	-0.346384	0.285714
gen-2-58	0.024637	-0.328607	0.350000
gen-2-59	0.018296	-0.339092	0.333333
gen-2-60	0.022868	0.022868	1.000000
gen-2-61	0.017792	0.017792	1.000000
gen-2-62	0.019061	-0.338327	0.333333
gen-2-63	0.026925	0.026925	1.000000
gen-2-64	0.015249	-0.216305	0.142857
gen-2-65	0.010787	-0.305161	0.500000
gen-2-66	0.017243	-0.242247	0.600000
gen-2-67	0.011690	0.011690	1.000000
gen-2-68	0.019753	-0.321059	0.400000
gen-2-69	0.015282	0.015282	1.000000
gen-2-70	0.005488	-0.216362	0.666667
gen-2-71	0.015632	-0.321036	0.416667
gen-2-72	0.020613	-0.320199	0.400000
gen-2-73	0.025916	-0.195934	0.666667
gen-2-74	0.010905	0.010905	1.000000
gen-2-75	0.017896	-0.184713	0.125000
gen-2-76	0.007850	0.007850	1.000000
gen-2-77	0.001150	-0.314798	0.500000
gen-2-78	0.000482	-0.315466	0.500000
gen-2-79	0.021554	-0.237936	0.600000
gen-2-80	0.032265	-0.314763	0.375000
gen-2-81	0.011718	0.011718	1.000000
gen-2-82	0.010900	-0.346488	0.333333
gen-2-83	0.016699	-0.349456	0.250000
gen-2-84	0.022892	0.022892	1.000000
gen-2-85	0.010917	0.010917	1.000000
gen-2-86	0.011599	0.011599	1.000000
gen-2-87	0.036653	-0.165957	0.125000
gen-2-88	0.029373	-0.292384	0.200000
gen-2-89	0.010983	0.010983	1.000000
gen-2-90	0.031535	-0.315492	0.375000
gen-2-91	0.010810	0.010810	1.000000
gen-2-92	0.009943	-0.347444	0.333333
gen-2-93	0.021377	0.021377	1.000000
gen-2-94	0.017755	-0.339633	0.333333
gen-2-95	0.025833	-0.233656	0.600000
gen-2-96	0.009157	0.009157	1.000000
gen-2-97	0.034050	-0.225439	0.600000
gen-2-98	0.007576	0.007576	1.000000
gen-2-99	0.014615	-0.342773	0.333333
gen-2-100	0.015023	0.015023	0.000000
gen-2-101	0.015240	0.015240	1.000000
gen-2-102	0.031252	-0.244369	0.571429
gen-2-103	0.016672	0.016672	1.000000
gen-2-104	0.022931	-0.317881	0.400000
gen-2-105	0.011018	0.011018	1.000000
gen-2-106	0.008841	-0.261305	0.166667
gen-2-107	0.011646	0.011646	1.000000
gen-2-108	0.016013	-0.205837	0.666667
gen-2-109	0.016882	-0.304875	0.200000
gen-2-110	0.031387	-0.237512	0.583333
gen-2-111	0.015137	0.015137	1.000000
gen-2-112	0.042084	0.042084	1.000000
gen-2-113	0.000509	-0.315439	0.500000
gen-2-114	0.013731	-0.196357	0.687500
gen-2-115	0.015787	0.015787	1.000000
gen-2-116	0.016479	0.016479	0.000000
gen-2-117	0.011262	0.011262	1.000000
gen-2-118	0.050803	0.050803	1.000000
gen-2-119	0.000483	-0.365672	0.250000
gen-2-120	0.009335	0.009335	1.000000
gen-2-121	0.017248	0.017248	1.000000
gen-2-122	0.033868	-0.323520	0.333333
gen-2-123	0.002649	-0.347969	0.222222
gen-2-124	0.000881	-0.365275	0.250000
gen-2-125	0.032291	-0.283657	0.500000
gen-2-126	0.003020	-0.171781	0.750000
gen-2-127	0.025555	-0.243344	0.583333
gen-2-128	0.017088	0.017088	1.000000
gen-2-129	0.015323	0.015323	1.000000
gen-2-130	0.001629	0.001629	1.000000
gen-2-131	0.007198	0.007198	1.000000
gen-2-132	0.027807	-0.319221	0.375000
gen-2-133	0.015667	-0.206183	0.666667
gen-2-134	0.017235	0.017235	1.000000
gen-2-135	0.016568	-0.280561	0.533333
gen-2-136	0.014985	0.014985	1.000000
gen-2-137	0.003019	-0.318738	0.200000
gen-2-138	0.032892	-0.307920	0.400000
gen-2-139	0.015814	0.015814	1.000000
gen-2-140	0.026471	-0.326773	0.350000
gen-2-141	0.025726	-0.196124	0.666667
gen-2-142	0.000415	-0.368812	0.285714
gen-2-143	0.032853	0.032853	1.000000
gen-2-144	0.012617	-0.309141	0.200000
gen-2-145	0.011884	0.011884	1.000000
gen-2-146	0.015320	0.015320	1.000000
gen-2-147	0.012943	0.012943	1.000000
gen-2-148	0.019442	-0.337946	0.333333
gen-2-149	0.015594	-0.206256	0.666667
gen-2-150	0.020704	-0.238785	0.600000
gen-2-151	0.002550	-0.313398	0.500000
gen-2-152	0.009771	-0.347617	0.333333
gen-2-153	0.015648	0.015648	1.000000
gen-2-154	0.026606	-0.232883	0.600000
gen-2-155	0.014933	-0.253966	0.583333
gen-2-156	0.019102	0.019102	1.000000
gen-2-157	0.029882	-0.310930	0.400000
gen-2-158	0.023651	0.023651	1.000000
gen-2-159	0.025583	-0.331804	0.333333
gen-2-160	0.010358	0.010358	1.000000
gen-2-161	0.016966	-0.253180	0.166667
gen-2-162	0.001204	-0.314744	0.500000
gen-2-163	0.015284	0.015284	1.000000
gen-2-164	0.009342	0.009342	1.000000
gen-2-165	0.023191	-0.334197	0.333333
gen-2-166	0.018939	-0.321873	0.400000
gen-2-167	0.025785	-0.340370	0.250000
gen-2-168	0.015572	0.015572	1.000000
gen-2-169	0.016345	-0.305412	0.200000
gen-2-170	0.011373	0.011373	1.000000
gen-2-171	0.001534	-0.314414	0.500000
gen-2-172	0.014937	-0.301011	0.500000
gen-2-173	0.018332	0.018332	1.000000
gen-2-174	0.011973	-0.357255	0.285714
gen-2-175	0.021154	-0.312554	0.428571
gen-2-176	0.009320	0.009320	1.000000
gen-2-177	0.011824	0.011824	1.000000
gen-2-178	0.017099	-0.340289	0.333333
gen-2-179	0.009050	-0.261096	0.166667
gen-2-180	0.025511	-0.262208	0.550000
gen-2-181	0.017636	-0.323176	0.400000
gen-2-182	0.011740	0.011740	1.000000
gen-2-183	0.014678	-0.244811	0.600000
gen-2-184	0.021219	0.021219	1.000000
gen-2-185	0.002367	-0.348250	0.222222
gen-2-186	0.011166	0.011166	1.000000
gen-2-187	0.000402	-0.368826	0.285714
gen-2-188	0.026613	-0.339542	0.250000
gen-2-189	0.011428	0.011428	1.000000
gen-2-190	0.010367	-0.305581	0.500000
gen-2-191	0.017501	0.017501	1.000000
gen-2-192	0.015081	-0.206769	0.666667
gen-2-193	0.015959	0.015959	1.000000
gen-2-194	0.016225	-0.252674	0.583333
gen-2-195	0.035691	-0.330464	0.250000
gen-2-196	0.007265	0.007265	1.000000
gen-2-197	0.025781	-0.331607	0.333333
gen-2-198	0.020183	-0.320629	0.400000
gen-2-199	0.011914	0.011914	1.000000
