# Tetrahedron method
       -1.8043985882        0.0000000000
       -1.7459876082        0.0000000000
       -1.6875766282        0.0000000000
       -1.6291656482        0.0000000000
       -1.5707546682        0.0000000000
       -1.5123436882        0.0000000000
       -1.4539327082        0.0000000000
       -1.3955217282        0.0000000000
       -1.3371107482        0.0000000000
       -1.2786997682        0.0000000000
       -1.2202887882        0.0000000000
       -1.1618778083        0.0000000000
       -1.1034668283        0.0000000000
       -1.0450558483        0.0000000000
       -0.9866448683        0.0000000000
       -0.9282338883        0.0000000000
       -0.8698229083        0.0000000000
       -0.8114119283        0.1022944560
       -0.7530009483        0.1956274311
       -0.6945899683        0.2742438865
       -0.6361789883        0.3355306333
       -0.5777680083        0.4746374487
       -0.5193570283        1.4787706713
       -0.4609460484        1.2886907913
       -0.4025350684        1.1808498141
       -0.3441240884        0.9903027510
       -0.2857131084        0.6197887853
       -0.2273021284        0.3449108486
       -0.1688911484        0.2523846455
       -0.1104801684        0.2210739573
       -0.0520691884        0.2112682041
        0.0063417916        0.2108012347
        0.0647527716        0.2260320740
        0.1231637516        0.2753457437
        0.1815747315        0.3969517871
        0.2399857115        0.5294801067
        0.2983966915        0.7017376153
        0.3568076715        0.9342720714
        0.4152186515        1.2503797348
        0.4736296315        1.6846992093
        0.5320406115        1.7335306358
        0.5904515915        1.9087255970
        0.6488625715        2.1316137371
        0.7072735515        2.4622887905
        0.7656845315        2.9237887340
        0.8240955115        2.8613121959
        0.8825064914        3.0411774953
        0.9409174714        3.6926596621
        0.9993284514        4.9689611590
        1.0577394314        6.2810191020
        1.1161504114        6.9472131303
        1.1745613914        7.5749585618
        1.2329723714        4.8019240643
        1.2913833514        4.4236479907
        1.3497943314        4.8081868930
        1.4082053114        8.2209988562
        1.4666162914        8.9533587489
        1.5250272713        9.2418106090
        1.5834382513        7.6089080979
        1.6418492313        8.6198764443
        1.7002602113        7.3066634341
        1.7586711913        6.0863950627
        1.8170821713        6.8333739426
        1.8754931513        9.5938306578
        1.9339041313        8.8028431919
        1.9923151113       10.3257616411
        2.0507260913       10.3189544167
        2.1091370713        5.5933043578
        2.1675480513        8.4066442988
        2.2259590312        7.4640738204
        2.2843700112        5.5787878871
        2.3427809912       11.1259997965
        2.4011919712        7.0632181241
        2.4596029512       10.3993258447
        2.5180139312       10.4757606617
        2.5764249112        9.8196242466
        2.6348358912        7.0577595305
        2.6932468712        7.3725878797
        2.7516578512        5.9271020761
        2.8100688312        3.0877668555
        2.8684798111        1.8083887250
        2.9268907911        3.2521436033
        2.9853017711        3.7982140595
        3.0437127511        1.7117496105
        3.1021237311        0.2999684838
        3.1605347111       12.5797593295
        3.2189456911        5.5791612483
        3.2773566711        1.5675570968
        3.3357676511        0.6338516484
        3.3941786311        0.0001166013
        3.4525896111        0.0000000000
        3.5110005911        0.0000000000
        3.5694115710        0.0000000000
        3.6278225510        0.0000000000
        3.6862335310        0.0000000000
        3.7446445110        0.0000000000
        3.8030554910        0.0000000000
        3.8614664710        0.0000000000
        3.9198774510        0.0000000000
        3.9782884310        0.0000000000
        4.0366994110        0.0000000000
        4.0951103910        0.0000000000
        4.1535213710        0.0000000000
        4.2119323509        0.0000000000
        4.2703433309        0.0000000000
        4.3287543109        0.0000000000
        4.3871652909        0.0000000000
        4.4455762709        0.0000000000
        4.5039872509        0.0000000000
        4.5623982309        0.0000000000
        4.6208092109        0.0000000000
        4.6792201909        0.0000000000
        4.7376311709        0.0000000000
        4.7960421509        0.0000000000
        4.8544531309        0.0000000000
        4.9128641108        0.0000000000
        4.9712750908        0.0000000000
        5.0296860708        0.0000000000
        5.0880970508        0.0000000000
        5.1465080308        0.0000000000
        5.2049190108        0.0000000000
        5.2633299908        0.0000000000
        5.3217409708        0.0000000000
        5.3801519508        0.1028889033
        5.4385629308        0.4552269530
        5.4969739108        0.7896116622
        5.5553848907        1.2649829725
        5.6137958707        2.0983059100
        5.6722068507        3.8725839349
        5.7306178307        2.2676562138
        5.7890288107        2.5777637980
        5.8474397907        3.4211246712
        5.9058507707        3.6871246319
        5.9642617507        3.5156924033
        6.0226727307        4.1022309676
        6.0810837107        4.0106235654
        6.1394946907        4.3490818218
        6.1979056707        4.6450778436
        6.2563166506        4.0234074295
        6.3147276306        4.7848005357
        6.3731386106        3.9490025051
        6.4315495906        5.9398097779
        6.4899605706        7.4791990270
        6.5483715506        3.2643715857
        6.6067825306        5.6618176356
        6.6651935106        5.5251881494
        6.7236044906        5.7609325778
        6.7820154706        4.3819909984
        6.8404264506        4.2546848127
        6.8988374305        3.5843826710
        6.9572484105        1.1582866470
        7.0156593905        2.7857287777
        7.0740703705        4.1420428599
        7.1324813505        5.6263230278
        7.1908923305        9.1913238172
        7.2493033105        4.7146207447
        7.3077142905        4.3034228404
        7.3661252705        5.3849913680
        7.4245362505        6.6366895156
        7.4829472305       10.1390408838
        7.5413582104        6.4807388423
        7.5997691904        3.9997204679
        7.6581801704        4.5801866490
        7.7165911504        7.2554980784
        7.7750021304        4.1287730150
        7.8334131104        7.7159705363
        7.8918240904        6.4939332537
        7.9502350704        6.9303899096
        8.0086460504        5.9926838335
        8.0670570304        6.0967571354
        8.1254680104        8.9615491030
        8.1838789904        5.7796743913
        8.2422899703        4.8133897547
        8.3007009503        5.7594501722
        8.3591119303        0.0000000000
        8.4175229103        1.9052556414
        8.4759338903        1.9894935153
        8.5343448703        1.7613413780
        8.5927558503        1.4494936371
        8.6511668303        1.4609729422
        8.7095778103        1.5911064573
        8.7679887903        1.6995098314
        8.8263997703        2.0462920449
        8.8848107502        5.6272954368
        8.9432217302        0.0000000000
        9.0016327102        0.0000000000
        9.0600436902        0.0000000000
        9.1184546702        0.0000000000
        9.1768656502        0.0000000000
        9.2352766302        0.0000000000
        9.2936876102        0.0000000000
        9.3520985902        0.0000000000
        9.4105095702        0.0000000000
        9.4689205502        0.0000000000
        9.5273315302        0.0000000000
        9.5857425101        0.0000000000
        9.6441534901        0.0000000000
        9.7025644701        0.0000000000
        9.7609754501        0.0000000000
        9.8193864301        0.0000000000
        9.8777974101        0.0000000000
