# Tetrahedron method
       -0.9161455329        0.0000000000
       -0.8611767990        0.0000000000
       -0.8062080650        0.0000000000
       -0.7512393310        0.0000000000
       -0.6962705971        0.0000000000
       -0.6413018631        0.0000000000
       -0.5863331291        0.0000000000
       -0.5313643952        0.0000000000
       -0.4763956612        0.0000000000
       -0.4214269273        0.0000000000
       -0.3664581933        0.0000000000
       -0.3114894593        0.0000000000
       -0.2565207254        0.0000000000
       -0.2015519914        0.0000000000
       -0.1465832574        0.0000000000
       -0.0916145235        0.0000000000
       -0.0366457895        0.0000000000
        0.0183229445        0.0006452040
        0.0732916784        0.0124172434
        0.1282604124        0.0401700269
        0.1832291464        0.0714912016
        0.2381978803        0.1355433049
        0.2931666143        0.1972470815
        0.3481353483        0.2989177093
        0.4031040822        0.4142483277
        0.4580728162        0.5520279549
        0.5130415501        0.7358011453
        0.5680102841        0.9664958067
        0.6229790181        1.2140323405
        0.6779477520        1.3989901479
        0.7329164860        1.6432053045
        0.7878852200        2.0023042069
        0.8428539539        2.4645857404
        0.8978226879        3.0377303959
        0.9527914219        4.0492758219
        1.0077601558        7.5973982525
        1.0627288898        4.4319091466
        1.1176976238        4.1591532505
        1.1726663577        3.9121497410
        1.2276350917        3.5818551092
        1.2826038257        3.9453909951
        1.3375725596        4.2743808036
        1.3925412936        5.5760208669
        1.4475100275        4.7618369570
        1.5024787615        5.0928197831
        1.5574474955        6.9070369991
        1.6124162294        7.1551800655
        1.6673849634        9.6070153658
        1.7223536974       10.6996354965
        1.7773224313        8.8453409666
        1.8322911653        6.3557112054
        1.8872598993       13.0943073302
        1.9422286332        6.9937232534
        1.9971973672        7.0098570480
        2.0521661012        6.7665414777
        2.1071348351        8.2022861255
        2.1621035691        6.8850849343
        2.2170723030       10.3345855962
        2.2720410370        7.9995374779
        2.3270097710        8.9449510875
        2.3819785049        7.9729564637
        2.4369472389        7.1866064096
        2.4919159729        7.8961095596
        2.5468847068        6.7830140379
        2.6018534408        7.1162506711
        2.6568221748        8.1649831168
        2.7117909087        9.2265088752
        2.7667596427        8.7161758589
        2.8217283767        2.8935182161
        2.8766971106       10.3106412836
        2.9316658446        8.1876549970
        2.9866345786        1.5387654521
        3.0416033125        1.8420261984
        3.0965720465        6.8864387625
        3.1515407804        5.7677805256
        3.2065095144        5.5490354978
        3.2614782484        3.1980933877
        3.3164469823        2.3935282945
        3.3714157163        1.5014572280
        3.4263844503        1.4415901656
        3.4813531842        0.9717515768
        3.5363219182        1.5285380722
        3.5912906522        3.0007769214
        3.6462593861        2.9883872392
        3.7012281201        4.1390178354
        3.7561968541        4.0006198963
        3.8111655880        0.0000000000
        3.8661343220        0.0000000000
        3.9211030559        0.0000000000
        3.9760717899        0.0000000000
        4.0310405239        0.0000000000
        4.0860092578        0.0000000000
        4.1409779918        0.0000000000
        4.1959467258        0.0000000000
        4.2509154597        0.0000000000
        4.3058841937        0.0000000000
        4.3608529277        0.0000000000
        4.4158216616        0.0000000000
        4.4707903956        0.0000000000
        4.5257591296        0.0000000000
        4.5807278635        0.0000000000
        4.6356965975        0.0000000000
        4.6906653315        0.0000000000
        4.7456340654        0.0000000000
        4.8006027994        0.0000000000
        4.8555715333        0.0000000000
        4.9105402673        0.0000000000
        4.9655090013        0.0000000000
        5.0204777352        0.0000000000
        5.0754464692        0.0000000000
        5.1304152032        0.0000000000
        5.1853839371        0.0000000000
        5.2403526711        0.0000000000
        5.2953214051        0.0000000000
        5.3502901390        0.0000000000
        5.4052588730        0.0000000000
        5.4602276070        0.0000000000
        5.5151963409        0.0000000000
        5.5701650749        1.2559754639
        5.6251338088        2.4470300563
        5.6801025428        4.9501598798
        5.7350712768        4.6980797813
        5.7900400107        2.3942095027
        5.8450087447        3.3966808617
        5.8999774787        0.6564269549
        5.9549462126        1.8938139437
        6.0099149466        2.7538016560
        6.0648836806        2.7590560745
        6.1198524145        2.6307898431
        6.1748211485        2.8869891677
        6.2297898825        3.5565859525
        6.2847586164        2.8910934133
        6.3397273504        2.6043034344
        6.3946960844        4.7509065305
        6.4496648183        4.6392248575
        6.5046335523        2.0604726577
        6.5596022862        1.6036454721
        6.6145710202        2.7978250474
        6.6695397542        4.0551450422
        6.7245084881        2.7561842688
        6.7794772221        4.1229619940
        6.8344459561        3.9681316701
        6.8894146900        4.2711961013
        6.9443834240        2.9644305306
        6.9993521580        2.2712439281
        7.0543208919        1.8447264308
        7.1092896259        2.6825215126
        7.1642583599        3.1096925349
        7.2192270938        3.3596835553
        7.2741958278        4.3558429142
        7.3291645617        4.9288380291
        7.3841332957        4.6809096765
        7.4391020297        6.2713929450
        7.4940707636        5.1354644340
        7.5490394976        4.7170025310
        7.6040082316        4.3143849466
        7.6589769655        3.4126265835
        7.7139456995        3.8335345591
        7.7689144335        5.3861612884
        7.8238831674        6.0732729801
        7.8788519014        4.7465766024
        7.9338206354        4.4168583579
        7.9887893693        4.2281637707
        8.0437581033        4.6348413405
        8.0987268373        3.1518852805
        8.1536955712        4.7837234354
        8.2086643052        2.8284473709
        8.2636330391        2.0987130823
        8.3186017731        2.0213214240
        8.3735705071        1.9843101036
        8.4285392410        2.0213525214
        8.4835079750        2.0978390352
        8.5384767090        2.2257056887
        8.5934454429        2.6474772849
        8.6484141769        2.0579689397
        8.7033829109        1.9617567181
        8.7583516448        3.9821977259
        8.8133203788        2.8881888320
        8.8682891128        6.5432485130
        8.9232578467        6.8276910989
        8.9782265807        0.9585887028
        9.0331953146        0.6693650732
        9.0881640486        0.5401645716
        9.1431327826        0.2823970279
        9.1981015165        0.0000000000
        9.2530702505        0.0000000000
        9.3080389845        0.0000000000
        9.3630077184        0.0000000000
        9.4179764524        0.0000000000
        9.4729451864        0.0000000000
        9.5279139203        0.0000000000
        9.5828826543        0.0000000000
        9.6378513883        0.0000000000
        9.6928201222        0.0000000000
        9.7477888562        0.0000000000
        9.8027575902        0.0000000000
        9.8577263241        0.0000000000
        9.9126950581        0.0000000000
        9.9676637920        0.0000000000
       10.0226325260        0.0000000000
       10.0776012600        0.0000000000
