# Tetrahedron method
       -1.1082684345        0.0000000000
       -1.0417723347        0.0000000000
       -0.9752762348        0.0000000000
       -0.9087801350        0.0000000000
       -0.8422840351        0.0000000000
       -0.7757879353        0.0000000000
       -0.7092918354        0.0000000000
       -0.6427957356        0.0000000000
       -0.5762996358        0.0000000000
       -0.5098035359        0.0000000000
       -0.4433074361        0.0000000000
       -0.3768113362        0.0000000000
       -0.3103152364        0.0000000000
       -0.2438191365        0.0000000000
       -0.1773230367        0.0000000000
       -0.1108269368        0.0000000000
       -0.0443308370        0.0000000000
        0.0221652628        0.0001392810
        0.0886613627        0.0022285018
        0.1551574625        0.0078125150
        0.2216535624        0.0495171176
        0.2881496622        0.1041159108
        0.3546457621        0.1789906740
        0.4211418619        0.3322067358
        0.4876379617        0.4467956429
        0.5541340616        0.6156174881
        0.6206301614        0.9490930444
        0.6871262613        1.2803467242
        0.7536223611        1.3805140916
        0.8201184610        1.5138308172
        0.8866145608        1.6235133575
        0.9531106607        1.9223244289
        1.0196067605        2.4099292296
        1.0861028603        1.4558543458
        1.1525989602        1.3917566248
        1.2190950600        3.0602713127
        1.2855911599        3.5118070812
        1.3520872597        4.7268527904
        1.4185833596        5.9515629324
        1.4850794594        4.8496041016
        1.5515755592        3.6209960632
        1.6180716591        3.1368792881
        1.6845677589        2.8791354196
        1.7510638588        3.0128121366
        1.8175599586        5.0606528677
        1.8840560585        3.5985839188
        1.9505521583        3.0851703332
        2.0170482582        3.7171529292
        2.0835443580        4.7488321293
        2.1500404578        3.6182224543
        2.2165365577        5.5036301586
        2.2830326575        5.0920577490
        2.3495287574        1.8434351522
        2.4160248572        4.5919640007
        2.4825209571        5.7569960696
        2.5490170569        5.4299761956
        2.6155131567        5.1890851336
        2.6820092566        5.3282154401
        2.7485053564        3.0905192214
        2.8150014563        2.2072104609
        2.8814975561        2.2975595758
        2.9479936560        1.5700131341
        3.0144897558        1.9066314189
        3.0809858557        1.9499635149
        3.1474819555        2.7597695414
        3.2139780553        3.1063056623
        3.2804741552        3.6450298933
        3.3469702550        4.4312121394
        3.4134663549        3.9537259858
        3.4799624547        5.4566038986
        3.5464585546        2.8593455528
        3.6129546544        2.7249815881
        3.6794507543        2.9762652402
        3.7459468541        4.2543016401
        3.8124429539        2.7618339587
        3.8789390538        2.3782658268
        3.9454351536        4.1121751546
        4.0119312535        3.5516233017
        4.0784273533        3.3118694148
        4.1449234532        1.1397097413
        4.2114195530        0.6009120141
        4.2779156528        0.0521071936
        4.3444117527        0.0000000000
        4.4109078525        0.4848476836
        4.4774039524        0.5126769947
        4.5439000522        1.1288157154
        4.6103961521        2.2360793400
        4.6768922519        4.3578777587
        4.7433883518        6.5345713433
        4.8098844516        7.4457904977
        4.8763805514        7.7923850244
        4.9428766513        6.7413568775
        5.0093727511       10.7529991651
        5.0758688510        6.2262350609
        5.1423649508        4.8812548054
        5.2088610507        5.2671740885
        5.2753571505        8.3149620019
        5.3418532503        4.3469727145
        5.4083493502        7.2917409162
        5.4748454500        4.0835080057
        5.5413415499        5.0063837333
        5.6078376497        5.1652558219
        5.6743337496        5.3583080463
        5.7408298494        8.0662878623
        5.8073259493        4.6485263749
        5.8738220491        3.9164042403
        5.9403181489        6.5548490549
        6.0068142488        4.4199871872
        6.0733103486        2.0984608463
        6.1398064485        1.4162913638
        6.2063025483        1.2547206676
        6.2727986482        1.3998710307
        6.3392947480        3.9713829578
        6.4057908478        6.1772282601
        6.4722869477        6.1504600365
        6.5387830475        4.9999823594
        6.6052791474        4.6376989771
        6.6717752472        3.0597038180
        6.7382713471        2.7019128908
        6.8047674469        4.8622439581
        6.8712635468        2.4837749916
        6.9377596466        1.7857057737
        7.0042557464        1.3129171891
        7.0707518463        1.0181747995
        7.1372479461        0.6775473082
        7.2037440460        0.4551543099
        7.2702401458        0.3564435046
        7.3367362457        0.0930186230
        7.4032323455        0.0000000000
        7.4697284453        0.0000000000
        7.5362245452        0.0000000000
        7.6027206450        0.0000000000
        7.6692167449        0.0000000000
        7.7357128447        0.0000000000
        7.8022089446        0.4134355060
        7.8687050444        1.0918342902
        7.9352011443        1.5581952834
        8.0016972441        1.6539574568
        8.0681933439        1.4721521230
        8.1346894438        2.5234404488
        8.2011855436        3.2630859264
        8.2676816435        3.9778197870
        8.3341777433        8.3874165560
        8.4006738432        4.8356625630
        8.4671699430        7.6676850813
        8.5336660428        4.0231763019
        8.6001621427        3.9181422886
        8.6666582425        5.0215293250
        8.7331543424        8.5582535409
        8.7996504422        9.9129727625
        8.8661465421       13.8885130064
        8.9326426419       13.8951212887
        8.9991387418       11.8682034787
        9.0656348416       12.1802287458
        9.1321309414        8.0984692956
        9.1986270413        6.2916810124
        9.2651231411        5.5105807938
        9.3316192410        7.1885272304
        9.3981153408        5.5343309819
        9.4646114407        7.9585401886
        9.5311075405        8.9343703704
        9.5976036403       10.0644752194
        9.6640997402        9.0600809793
        9.7305958400        7.8184465098
        9.7970919399        7.5383974906
        9.8635880397       10.3506490030
        9.9300841396       12.4229916635
        9.9965802394       15.0759591823
       10.0630763393       17.7249018627
       10.1295724391       19.0968069469
       10.1960685389       12.1368093056
       10.2625646388        8.1739727245
       10.3290607386        5.3015340171
       10.3955568385        4.7982681554
       10.4620529383        5.9670270755
       10.5285490382        9.9337960701
       10.5950451380       11.2065983358
       10.6615412378        7.8004691521
       10.7280373377        5.1018928957
       10.7945334375        4.0131658792
       10.8610295374        3.1153603042
       10.9275256372        2.2721244703
       10.9940217371        1.1850173778
       11.0605178369        0.2380118186
       11.1270139368        0.0000000000
       11.1935100366        0.0000000000
       11.2600061364        0.0000000000
       11.3265022363        0.0000000000
       11.3929983361        0.0000000000
       11.4594944360        0.0000000000
       11.5259905358        0.0000000000
       11.5924866357        0.0000000000
       11.6589827355        0.0000000000
       11.7254788353        0.0000000000
       11.7919749352        0.0000000000
       11.8584710350        0.0000000000
       11.9249671349        0.0000000000
       11.9914632347        0.0000000000
       12.0579593346        0.0000000000
       12.1244554344        0.0000000000
       12.1909515343        0.0000000000
