# Tetrahedron method
       -1.4742895179        0.0000000000
       -1.3995858859        0.0000000000
       -1.3248822539        0.0000000000
       -1.2501786220        0.0000000000
       -1.1754749900        0.0000000000
       -1.1007713580        0.0000000000
       -1.0260677260        0.0000000000
       -0.9513640940        0.0000000000
       -0.8766604621        0.0000000000
       -0.8019568301        0.0000000000
       -0.7272531981        0.0000000000
       -0.6525495661        0.0000000000
       -0.5778459341        0.0000000000
       -0.5031423022        0.0000000000
       -0.4284386702        0.0000000000
       -0.3537350382        0.0000000000
       -0.2790314062        0.0000000000
       -0.2043277743        0.0010686142
       -0.1296241423        0.0083822495
       -0.0549205103        0.0167344265
        0.0197831217        0.0281580391
        0.0944867537        0.0512277779
        0.1691903856        0.0740730110
        0.2438940176        0.0970740685
        0.3185976496        0.1376017983
        0.3933012816        0.1862482240
        0.4680049136        0.2525999543
        0.5427085455        0.3155421822
        0.6174121775        0.4053670371
        0.6921158095        0.4981414097
        0.7668194415        0.6069586505
        0.8415230735        0.6820940549
        0.9162267054        0.7431006927
        0.9909303374        0.8092546910
        1.0656339694        0.9189227470
        1.1403376014        1.0118862153
        1.2150412333        1.1253689419
        1.2897448653        1.2710520405
        1.3644484973        1.5247619914
        1.4391521293        1.8979956515
        1.5138557613        2.5664698166
        1.5885593932        2.7726113830
        1.6632630252        2.9553409202
        1.7379666572        3.7150033137
        1.8126702892        3.4087171042
        1.8873739212        3.6395578069
        1.9620775531        3.3287862105
        2.0367811851        3.4721081579
        2.1114848171        3.8262941482
        2.1861884491        4.1009120654
        2.2608920811        3.0179420715
        2.3355957130        2.7343674997
        2.4102993450        3.4159409095
        2.4850029770        3.4683496319
        2.5597066090        2.8443080254
        2.6344102409        3.2660179925
        2.7091138729        3.6166916127
        2.7838175049        3.3695950597
        2.8585211369        4.2057438973
        2.9332247689        2.8340175700
        3.0079284008        1.5057158804
        3.0826320328        0.0000000000
        3.1573356648        0.0761789475
        3.2320392968        0.1734648954
        3.3067429288        0.2537476637
        3.3814465607        0.3667517955
        3.4561501927        0.5421786731
        3.5308538247        0.9425837607
        3.6055574567        1.3625006792
        3.6802610886        1.4875583586
        3.7549647206        1.7387001870
        3.8296683526        2.5037057209
        3.9043719846        1.9764854840
        3.9790756166        1.6474758145
        4.0537792485        1.5158516321
        4.1284828805        1.1873299908
        4.2031865125        1.4095307000
        4.2778901445        1.9340737633
        4.3525937765        2.3429718710
        4.4272974084        2.5276035507
        4.5020010404        1.9171597100
        4.5767046724        1.7489800374
        4.6514083044        1.6715513681
        4.7261119364        1.8325445031
        4.8008155683        1.6625529440
        4.8755192003        1.7397798232
        4.9502228323        1.8976874964
        5.0249264643        2.2140590261
        5.0996300962        2.7316799402
        5.1743337282        2.8570202150
        5.2490373602        3.0952489053
        5.3237409922        3.3966500406
        5.3984446242        2.8178124624
        5.4731482561        2.4008185854
        5.5478518881        2.6094550474
        5.6225555201        2.3023594095
        5.6972591521        2.6692092353
        5.7719627841        3.1074760273
        5.8466664160        3.1268258452
        5.9213700480        4.1642603198
        5.9960736800        4.1053602520
        6.0707773120        3.4571053330
        6.1454809440        3.1657363711
        6.2201845759        3.1777458544
        6.2948882079        3.1730081863
        6.3695918399        3.3046588690
        6.4442954719        2.7205044980
        6.5189991038        2.0260982610
        6.5937027358        1.7240904141
        6.6684063678        2.2077123535
        6.7431099998        2.6786015749
        6.8178136318        2.9398113894
        6.8925172637        3.0951019264
        6.9672208957        3.3234023769
        7.0419245277        3.7427403348
        7.1166281597        3.8104664400
        7.1913317917        3.2356335254
        7.2660354236        3.1183906924
        7.3407390556        2.8915282063
        7.4154426876        2.9431613436
        7.4901463196        3.4031910513
        7.5648499516        3.2434771092
        7.6395535835        2.9566495655
        7.7142572155        2.6805184314
        7.7889608475        2.7217674112
        7.8636644795        3.0036077440
        7.9383681114        3.3154562079
        8.0130717434        3.0915275108
        8.0877753754        2.7952825021
        8.1624790074        2.6872933160
        8.2371826394        2.8036661749
        8.3118862713        2.7281548858
        8.3865899033        2.9056341027
        8.4612935353        3.5847962666
        8.5359971673        3.0717930867
        8.6107007993        3.8081917478
        8.6854044312        3.2566830864
        8.7601080632        2.2602190060
        8.8348116952        2.9540369909
        8.9095153272        4.3095565153
        8.9842189592        3.5898810855
        9.0589225911        3.1850591347
        9.1336262231        3.6432060914
        9.2083298551        3.7103691249
        9.2830334871        4.4170851933
        9.3577371190        4.5566938596
        9.4324407510        4.4872134860
        9.5071443830        3.6262783774
        9.5818480150        3.9895155262
        9.6565516470        3.9779923161
        9.7312552789        4.0354755981
        9.8059589109        3.9455304416
        9.8806625429        4.0455421853
        9.9553661749        3.8613094915
       10.0300698069        3.4472071143
       10.1047734388        3.0630177069
       10.1794770708        3.2427759855
       10.2541807028        3.0860260338
       10.3288843348        3.0489939071
       10.4035879668        2.8639767987
       10.4782915987        2.5756293446
       10.5529952307        1.9530508226
       10.6276988627        1.4223763120
       10.7024024947        2.3538630078
       10.7771061266        3.8277335144
       10.8518097586        4.0777370597
       10.9265133906        2.4023700152
       11.0012170226        2.1961675305
       11.0759206546        1.5838777704
       11.1506242865        1.7366374209
       11.2253279185        2.3065813468
       11.3000315505        2.9035311242
       11.3747351825        6.0241398287
       11.4494388145        3.7470717751
       11.5241424464        1.7149362377
       11.5988460784        2.3133221219
       11.6735497104        2.0682009461
       11.7482533424        1.5516630399
       11.8229569744        1.2837524265
       11.8976606063        1.0858426782
       11.9723642383        0.9403366660
       12.0470678703        0.8316475652
       12.1217715023        0.7478689660
       12.1964751342        0.2909782572
       12.2711787662        0.0000000000
       12.3458823982        0.0000000000
       12.4205860302        0.0000000000
       12.4952896622        0.0000000000
       12.5699932941        0.0000000000
       12.6446969261        0.0000000000
       12.7194005581        0.0000000000
       12.7941041901        0.0000000000
       12.8688078221        0.0000000000
       12.9435114540        0.0000000000
       13.0182150860        0.0000000000
       13.0929187180        0.0000000000
       13.1676223500        0.0000000000
       13.2423259820        0.0000000000
       13.3170296139        0.0000000000
       13.3917332459        0.0000000000
       13.4664368779        0.0000000000
