# Tetrahedron method
       -1.0133625641        0.0000000000
       -0.9525608147        0.0000000000
       -0.8917590652        0.0000000000
       -0.8309573158        0.0000000000
       -0.7701555663        0.0000000000
       -0.7093538169        0.0000000000
       -0.6485520675        0.0000000000
       -0.5877503180        0.0000000000
       -0.5269485686        0.0000000000
       -0.4661468191        0.0000000000
       -0.4053450697        0.0000000000
       -0.3445433203        0.0000000000
       -0.2837415708        0.0000000000
       -0.2229398214        0.0000000000
       -0.1621380719        0.0000000000
       -0.1013363225        0.0000000000
       -0.0405345731        0.0000000000
        0.0202671764        0.0029081851
        0.0810689258        0.0485785421
        0.1418706753        0.1680790181
        0.2026724247        0.3552693811
        0.2634741741        0.6622551850
        0.3242759236        1.0988483741
        0.3850776730        1.6973156437
        0.4458794225        2.2604675807
        0.5066811719        2.7453835462
        0.5674829213        3.2195600035
        0.6282846708        4.0488682421
        0.6890864202        5.8396564591
        0.7498881696        8.4970166144
        0.8106899191        9.5124889952
        0.8714916685       11.9906097448
        0.9322934180       12.3949425179
        0.9930951674       11.4935823442
        1.0538969168       10.0219272057
        1.1146986663       13.4801107715
        1.1755004157       12.5783400779
        1.2363021652       11.6760905487
        1.2971039146       13.2533449312
        1.3579056640       16.3795135968
        1.4187074135       17.0476314523
        1.4795091629       16.1883222283
        1.5403109124       14.7718677805
        1.6011126618       13.2808366923
        1.6619144112       19.8159673431
        1.7227161607       18.9840394241
        1.7835179101       18.3948761458
        1.8443196596       21.1262763350
        1.9051214090       18.1305393696
        1.9659231584       12.8558546784
        2.0267249079       19.2031941963
        2.0875266573       30.9806086607
        2.1483284068       25.4109515660
        2.2091301562       25.3106527191
        2.2699319056       18.0546890917
        2.3307336551       27.6561012111
        2.3915354045       26.6570303368
        2.4523371540       27.7453357023
        2.5131389034       18.7749196453
        2.5739406528       18.9610611045
        2.6347424023       13.8887610964
        2.6955441517       18.2164351432
        2.7563459012       11.5839497115
        2.8171476506       14.2698847046
        2.8779494000        5.4302164788
        2.9387511495        7.1636172093
        2.9995528989       14.1117152817
        3.0603546484       10.5621515003
        3.1211563978        0.0000000000
        3.1819581472        0.0000000000
        3.2427598967        0.0000000000
        3.3035616461        0.0000000000
        3.3643633956        0.0000000000
        3.4251651450        0.0000000000
        3.4859668944        0.0000000000
        3.5467686439        0.0000000000
        3.6075703933        0.0000000000
        3.6683721428        0.0000000000
        3.7291738922        0.0000000000
        3.7899756416        0.0000000000
        3.8507773911        0.0000000000
        3.9115791405        0.0000000000
        3.9723808900        0.0000000000
        4.0331826394        0.0000000000
        4.0939843888        0.0000000000
        4.1547861383        0.0000000000
        4.2155878877        0.0000000000
        4.2763896372        0.0000000000
        4.3371913866        0.0000000000
        4.3979931360        0.0000000000
        4.4587948855        0.0000000000
        4.5195966349        0.0000000000
        4.5803983844        0.0000000000
        4.6412001338        0.0000000000
        4.7020018832        0.0000000000
        4.7628036327        0.0000000000
        4.8236053821        0.0000000000
        4.8844071316        0.0000000000
        4.9452088810        0.0000000000
        5.0060106304        0.0000000000
        5.0668123799        0.0000000000
        5.1276141293        0.0000000000
        5.1884158788        0.0000000000
        5.2492176282        0.0000000000
        5.3100193776        0.0000000000
        5.3708211271        0.0000000000
        5.4316228765        0.0000000000
        5.4924246260        0.0000000000
        5.5532263754        0.0000000000
        5.6140281248        0.0000000000
        5.6748298743        0.0000000000
        5.7356316237        0.0000000000
        5.7964333732        0.0000000000
        5.8572351226        0.0000000000
        5.9180368720        0.0000000000
        5.9788386215        0.0000000000
        6.0396403709        0.0000000000
        6.1004421204        0.0000000000
        6.1612438698        0.0000000000
        6.2220456192        0.0000000000
        6.2828473687        0.0000000000
        6.3436491181        0.0000000000
        6.4044508676        0.0000000000
        6.4652526170        5.5596011038
        6.5260543664        6.3148492851
        6.5868561159        4.6234477371
        6.6476578653        5.0150865582
        6.7084596148        6.2300684839
        6.7692613642        3.0911629279
        6.8300631136        2.6092610119
        6.8908648631        8.6543020309
        6.9516666125        5.1599180562
        7.0124683620        8.2122615108
        7.0732701114        9.5956995538
        7.1340718608        8.0268416076
        7.1948736103        7.4593671560
        7.2556753597       10.6181292879
        7.3164771092        2.5055885748
        7.3772788586        2.0697086505
        7.4380806080        1.3081235738
        7.4988823575        1.2528497982
        7.5596841069        0.8510190422
        7.6204858564        2.2267217205
        7.6812876058        0.8356797183
        7.7420893552        0.6181241124
        7.8028911047        1.3552677926
        7.8636928541        1.0580301405
        7.9244946036        1.0574957949
        7.9852963530        1.0468738459
        8.0460981024        1.0445834143
        8.1068998519        1.0553234944
        8.1677016013        1.0577362297
        8.2285033508        1.0837731048
        8.2893051002        1.1781483485
        8.3501068496        1.2034382635
        8.4109085991        1.3400343652
        8.4717103485        1.7460759568
        8.5325120980        4.9024791356
        8.5933138474        4.1444795986
        8.6541155968        0.8482900943
        8.7149173463        0.8374463757
        8.7757190957        0.9677036148
        8.8365208452        2.5102600144
        8.8973225946        3.7457155033
        8.9581243440        3.7952415435
        9.0189260935        4.6792344985
        9.0797278429        5.8234449285
        9.1405295924        8.2456761904
        9.2013313418        9.7986467437
        9.2621330912        4.9544282216
        9.3229348407        3.0786061122
        9.3837365901        2.7105023524
        9.4445383396        2.1819341677
        9.5053400890        2.0763776883
        9.5661418384        2.0954894345
        9.6269435879        1.2517025765
        9.6877453373        1.3139148152
        9.7485470868        1.4356665597
        9.8093488362        1.6705133101
        9.8701505856        2.8951966501
        9.9309523351        1.8306708188
        9.9917540845        1.5850723353
       10.0525558340        1.4679720577
       10.1133575834        0.5440214386
       10.1741593328        0.0000000000
       10.2349610823        0.0000000000
       10.2957628317        0.0000000000
       10.3565645812        0.0000000000
       10.4173663306        0.0000000000
       10.4781680800        0.0000000000
       10.5389698295        0.0000000000
       10.5997715789        0.0000000000
       10.6605733284        0.0000000000
       10.7213750778        0.0000000000
       10.7821768272        0.0000000000
       10.8429785767        0.0000000000
       10.9037803261        0.0000000000
       10.9645820756        0.0000000000
       11.0253838250        0.0000000000
       11.0861855744        0.0000000000
       11.1469873239        0.0000000000
