# Tetrahedron method
       -1.3609490436        0.0000000000
       -1.2964675090        0.0000000000
       -1.2319859744        0.0000000000
       -1.1675044398        0.0000000000
       -1.1030229052        0.0000000000
       -1.0385413706        0.0000000000
       -0.9740598360        0.0000000000
       -0.9095783014        0.0000000000
       -0.8450967668        0.0000000000
       -0.7806152322        0.0000000000
       -0.7161336975        0.0000000000
       -0.6516521629        0.0000000000
       -0.5871706283        0.0000000000
       -0.5226890937        0.0000000000
       -0.4582075591        0.0000000000
       -0.3937260245        0.0000000000
       -0.3292444899        0.0000000000
       -0.2647629553        0.0002221188
       -0.2002814207        0.0041208783
       -0.1357998861        0.0081093292
       -0.0713183514        0.0141046718
       -0.0068368168        0.0225360269
        0.0576447178        0.0339056221
        0.1221262524        0.0491744842
        0.1866077870        0.0666881259
        0.2510893216        0.0934630537
        0.3155708562        0.1173635544
        0.3800523908        0.1476177306
        0.4445339254        0.1771789052
        0.5090154600        0.2055006649
        0.5734969947        0.2362658973
        0.6379785293        0.2675507078
        0.7024600639        0.2971361043
        0.7669415985        0.3320289567
        0.8314231331        0.3669861336
        0.8959046677        0.4059161959
        0.9603862023        0.4455735510
        1.0248677369        0.4880223727
        1.0893492715        0.5351191671
        1.1538308061        0.5846470180
        1.2183123408        0.6374457290
        1.2827938754        0.6962429750
        1.3472754100        0.7628242219
        1.4117569446        0.8345810832
        1.4762384792        0.9168707620
        1.5407200138        1.0139316478
        1.6052015484        1.1276652326
        1.6696830830        1.2874915754
        1.7341646176        1.5141563580
        1.7986461522        1.6720902595
        1.8631276869        1.8073444966
        1.9276092215        1.9679519555
        1.9920907561        2.0591554281
        2.0565722907        2.0908233776
        2.1210538253        2.4211197309
        2.1855353599        3.4471686903
        2.2500168945        3.1061744787
        2.3144984291        2.9711979396
        2.3789799637        2.5846904334
        2.4434614983        2.7881136044
        2.5079430330        3.0483933852
        2.5724245676        1.7004022640
        2.6369061022        0.5374727371
        2.7013876368        0.3217074953
        2.7658691714        0.2473880197
        2.8303507060        0.1842314591
        2.8948322406        0.1228817959
        2.9593137752        0.0444317014
        3.0237953098        0.0000000000
        3.0882768444        0.0000000000
        3.1527583791        0.0000000000
        3.2172399137        0.0000000000
        3.2817214483        0.0000000000
        3.3462029829        0.0000000000
        3.4106845175        0.0000000000
        3.4751660521        0.0000000000
        3.5396475867        0.0000000000
        3.6041291213        0.0000000000
        3.6686106559        0.0000000000
        3.7330921905        0.0000000000
        3.7975737252        0.0000000000
        3.8620552598        0.0000000000
        3.9265367944        0.0000000000
        3.9910183290        0.0000000000
        4.0554998636        0.0000000000
        4.1199813982        0.0000000000
        4.1844629328        0.0000000000
        4.2489444674        0.0000000000
        4.3134260020        0.0000000000
        4.3779075366        0.0000000000
        4.4423890713        0.0000000000
        4.5068706059        0.0000000000
        4.5713521405        0.0000000000
        4.6358336751        0.0000000000
        4.7003152097        0.0000000000
        4.7647967443        0.0000000000
        4.8292782789        0.0000000000
        4.8937598135        0.0000000000
        4.9582413481        0.0000000000
        5.0227228827        0.0000000000
        5.0872044174        0.0000000000
        5.1516859520        0.0000000000
        5.2161674866        0.0000000000
        5.2806490212        0.0000000000
        5.3451305558        0.0000000000
        5.4096120904        0.0000000000
        5.4740936250        0.0000000000
        5.5385751596        0.0000000000
        5.6030566942        0.0000000000
        5.6675382288        0.0000000000
        5.7320197635        0.0000000000
        5.7965012981        0.0000000000
        5.8609828327        0.0000000000
        5.9254643673        0.0000000000
        5.9899459019        0.0000000000
        6.0544274365        0.0000000000
        6.1189089711        0.0000000000
        6.1833905057        0.0000000000
        6.2478720403        0.0000000000
        6.3123535749        0.0000000000
        6.3768351096        0.0000000000
        6.4413166442        0.0000000000
        6.5057981788        0.0000000000
        6.5702797134        0.0000000000
        6.6347612480        0.0000000000
        6.6992427826        0.0000000000
        6.7637243172        0.0000000000
        6.8282058518        0.0425262332
        6.8926873864        0.0849549100
        6.9571689210        0.1170237307
        7.0216504557        0.1375154992
        7.0861319903        0.1683896956
        7.1506135249        0.2038684777
        7.2150950595        0.2342305128
        7.2795765941        0.2640410664
        7.3440581287        0.3071500710
        7.4085396633        0.3547872139
        7.4730211979        0.4071314899
        7.5375027325        0.4789994576
        7.6019842671        0.5814097629
        7.6664658018        0.7409326453
        7.7309473364        0.7695862274
        7.7954288710        0.8094709684
        7.8599104056        0.8666359404
        7.9243919402        0.9381445876
        7.9888734748        1.0389313363
        8.0533550094        1.3011958872
        8.1178365440        1.5670501212
        8.1823180786        1.5861069794
        8.2467996132        1.4187697151
        8.3112811479        1.1997180422
        8.3757626825        1.1921283842
        8.4402442171        1.2559327903
        8.5047257517        1.1861691683
        8.5692072863        1.1325547164
        8.6336888209        1.0874987741
        8.6981703555        1.0395027587
        8.7626518901        1.0156569021
        8.8271334247        0.9916106275
        8.8916149593        0.9158601352
        8.9560964940        0.9563101296
        9.0205780286        1.0090275862
        9.0850595632        1.0811748279
        9.1495410978        1.1714293151
        9.2140226324        1.3173245957
        9.2785041670        1.3508804982
        9.3429857016        1.8086687218
        9.4074672362        1.6292372243
        9.4719487708        1.4798012311
        9.5364303054        1.5365319759
        9.6009118401        1.4279531785
        9.6653933747        1.2866480043
        9.7298749093        1.0642136261
        9.7943564439        0.7810567519
        9.8588379785        0.6243624209
        9.9233195131        0.5343685132
        9.9878010477        0.4547641513
       10.0522825823        0.3916796244
       10.1167641169        0.3321963144
       10.1812456515        0.2783455850
       10.2457271862        0.2279902932
       10.3102087208        0.1717775800
       10.3746902554        0.1015484226
       10.4391717900        0.0131999705
       10.5036533246        0.0000000000
       10.5681348592        0.0000000000
       10.6326163938        0.0000000000
       10.6970979284        0.0000000000
       10.7615794630        0.0000000000
       10.8260609976        0.0000000000
       10.8905425323        0.0000000000
       10.9550240669        0.0000000000
       11.0195056015        0.0000000000
       11.0839871361        0.0000000000
       11.1484686707        0.0000000000
       11.2129502053        0.0000000000
       11.2774317399        0.0000000000
       11.3419132745        0.0000000000
       11.4063948091        0.0000000000
       11.4708763437        0.0000000000
       11.5353578784        0.0000000000
