# Tetrahedron method
       -1.1500344668        0.0000000000
       -1.0810323991        0.0000000000
       -1.0120303314        0.0000000000
       -0.9430282637        0.0000000000
       -0.8740261960        0.0000000000
       -0.8050241283        0.0000000000
       -0.7360220606        0.0000000000
       -0.6670199929        0.0000000000
       -0.5980179252        0.0000000000
       -0.5290158575        0.0000000000
       -0.4600137898        0.0000000000
       -0.3910117221        0.0000000000
       -0.3220096544        0.0000000000
       -0.2530075867        0.0000000000
       -0.1840055190        0.0000000000
       -0.1150034513        0.0000000000
       -0.0460013836        0.0000000000
        0.0230006841        0.0016081394
        0.0920027518        0.0270011972
        0.1610048195        0.0935478277
        0.2300068872        0.2332489304
        0.2990089549        0.5045117401
        0.3680110226        0.7872462425
        0.4370130903        1.2966438583
        0.5060151580        2.1871803026
        0.5750172257        3.3772534734
        0.6440192934        5.3750305373
        0.7130213611        5.1865912868
        0.7820234288        5.2339002133
        0.8510254965        3.7491575615
        0.9200275642        5.4292985889
        0.9890296319        5.5181209556
        1.0580316996        5.5426978747
        1.1270337673        4.5559488895
        1.1960358350        5.8334863172
        1.2650379027        7.7187913839
        1.3340399704        5.4534678452
        1.4030420381        9.3096957157
        1.4720441058       15.0077767422
        1.5410461735       11.4170778314
        1.6100482412        5.9595989876
        1.6790503089        5.0304724709
        1.7480523766        8.0658655885
        1.8170544443        5.7437927262
        1.8860565121        3.2435272506
        1.9550585798        2.3593148045
        2.0240606475        3.2120293144
        2.0930627152        4.6542014800
        2.1620647829        4.6449660519
        2.2310668506        3.5478738322
        2.3000689183        7.6611109203
        2.3690709860        5.8005669547
        2.4380730537        7.7472979615
        2.5070751214        2.9750095953
        2.5760771891        6.4970944618
        2.6450792568        5.1176608479
        2.7140813245        4.1389748216
        2.7830833922        3.5590074047
        2.8520854599        2.2082049703
        2.9210875276        1.4700838271
        2.9900895953        1.9000112603
        3.0590916630        1.1674745958
        3.1280937307        2.5440090872
        3.1970957984        1.5283072351
        3.2660978661        1.3111257093
        3.3350999338        1.2134046755
        3.4041020015        1.1600783613
        3.4731040692        1.1316724840
        3.5421061369        1.1181302041
        3.6111082046        1.1148149832
        3.6801102723        1.1624575846
        3.7491123400        1.1656852884
        3.8181144077        0.0000000000
        3.8871164754        0.0000000000
        3.9561185431       13.0373935560
        4.0251206108       12.3782520464
        4.0941226785        9.4433082059
        4.1631247462        5.9757457111
        4.2321268139        4.6140068955
        4.3011288816        1.6136428973
        4.3701309493        0.0000000000
        4.4391330170        0.0000000000
        4.5081350847        0.0000000000
        4.5771371524        0.0000000000
        4.6461392201        0.0000000000
        4.7151412878        0.0000000000
        4.7841433555        0.0000000000
        4.8531454232        0.0000000000
        4.9221474909        0.0000000000
        4.9911495586        0.0000000000
        5.0601516263        0.0000000000
        5.1291536940        0.0000000000
        5.1981557617        0.0000000000
        5.2671578294        0.0000000000
        5.3361598971        0.0000000000
        5.4051619648        0.0000000000
        5.4741640325        0.0000000000
        5.5431661002        0.0000000000
        5.6121681679        0.0000000000
        5.6811702356       14.3532662295
        5.7501723033        0.6871398557
        5.8191743710        0.4786926427
        5.8881764387        2.2557551958
        5.9571785065        3.8175294387
        6.0261805742        3.6195140005
        6.0951826419        3.2433442677
        6.1641847096        7.2973332599
        6.2331867773        7.0846248149
        6.3021888450        1.5165729358
        6.3711909127        0.8545564414
        6.4401929804        0.0000000000
        6.5091950481        5.5132256535
        6.5781971158        1.8450819711
        6.6471991835        1.2491537446
        6.7162012512        1.0692046365
        6.7852033189        1.0732992117
        6.8542053866        2.3481907664
        6.9232074543        6.3146871381
        6.9922095220        4.4708800350
        7.0612115897        1.3845092643
        7.1302136574       12.4828885619
        7.1992157251        1.3578317303
        7.2682177928        0.0000000000
        7.3372198605        0.0000000000
        7.4062219282        0.0000000000
        7.4752239959        0.0000000000
        7.5442260636        0.0000000000
        7.6132281313        0.3399092772
        7.6822301990        0.9526870347
        7.7512322667        1.3021422255
        7.8202343344        2.0313942899
        7.8892364021        7.0808789864
        7.9582384698        2.9534412987
        8.0272405375        1.8251937966
        8.0962426052        1.5995438102
        8.1652446729        2.3153520305
        8.2342467406        4.1841614870
        8.3032488083        2.7306894106
        8.3722508760        1.5420749364
        8.4412529437        2.1315222943
        8.5102550114        4.5478501504
        8.5792570791        2.7749781567
        8.6482591468        3.0363384889
        8.7172612145        7.2601146316
        8.7862632822        3.8842432675
        8.8552653499        2.3870747845
        8.9242674176        0.0000000000
        8.9932694853        0.0000000000
        9.0622715530        0.5656752487
        9.1312736207        2.4745619271
        9.2002756884        5.7106681027
        9.2692777561        1.4799623465
        9.3382798238        1.0877760159
        9.4072818915        0.9072191674
        9.4762839592        3.6228146718
        9.5452860269        6.4371974403
        9.6142880946        3.9303800814
        9.6832901623        1.3134100269
        9.7522922300        2.8828445510
        9.8212942977        7.8198177069
        9.8902963654        6.5084521768
        9.9592984331        4.1503617402
       10.0283005009        1.8509801890
       10.0973025686        3.5981860718
       10.1663046363        3.7211560703
       10.2353067040        0.0247712645
       10.3043087717        0.0000000000
       10.3733108394        1.0783035970
       10.4423129071        1.2643157554
       10.5113149748        8.2277392067
       10.5803170425        5.1429357604
       10.6493191102        6.6205657986
       10.7183211779        2.8864526869
       10.7873232456        3.6698659149
       10.8563253133        5.2040819377
       10.9253273810        4.3465646519
       10.9943294487        9.4480530344
       11.0633315164        2.7078708991
       11.1323335841        2.4689617862
       11.2013356518        1.7140733790
       11.2703377195        2.0377039026
       11.3393397872        1.3776631897
       11.4083418549        1.2362686332
       11.4773439226        1.1165859804
       11.5463459903        0.0000000000
       11.6153480580        0.0000000000
       11.6843501257        0.0000000000
       11.7533521934        0.0000000000
       11.8223542611        0.0000000000
       11.8913563288        0.0000000000
       11.9603583965        0.0000000000
       12.0293604642        0.0000000000
       12.0983625319        0.0000000000
       12.1673645996        0.0000000000
       12.2363666673        0.0000000000
       12.3053687350        0.0000000000
       12.3743708027        0.0000000000
       12.4433728704        0.0000000000
       12.5123749381        0.0000000000
       12.5813770058        0.0000000000
       12.6503790735        0.0000000000
