# Tetrahedron method
       -2.0975682723        0.0000000000
       -2.0368082779        0.0000000000
       -1.9760482835        0.0000000000
       -1.9152882892        0.0000000000
       -1.8545282948        0.0000000000
       -1.7937683004        0.0000000000
       -1.7330083061        0.0000000000
       -1.6722483117        0.0000000000
       -1.6114883173        0.0000000000
       -1.5507283230        0.0000000000
       -1.4899683286        0.0000000000
       -1.4292083342        0.0000000000
       -1.3684483399        0.0000000000
       -1.3076883455        0.0000000000
       -1.2469283511        0.0000000000
       -1.1861683568        0.0000000000
       -1.1254083624        0.0000000000
       -1.0646483680        0.0800581335
       -1.0038883737        0.2560374337
       -0.9431283793        0.8375708472
       -0.8823683849        1.0157859985
       -0.8216083906        1.0915956232
       -0.7608483962        1.1825008714
       -0.7000884018        1.1966103919
       -0.6393284075        1.2418086197
       -0.5785684131        1.1593766204
       -0.5178084187        1.1239917460
       -0.4570484244        1.0394044582
       -0.3962884300        0.8777709300
       -0.3355284356        0.7158833488
       -0.2747684413        0.5908552373
       -0.2140084469        0.5103702033
       -0.1532484526        0.4579292676
       -0.0924884582        0.4383926202
       -0.0317284638        0.4322979961
        0.0290315305        0.4319897198
        0.0897915249        0.4419508291
        0.1505515193        0.4946013833
        0.2113115136        0.6007248088
        0.2720715080        0.7992805616
        0.3328315024        1.0482557592
        0.3935914967        1.2804469530
        0.4543514911        1.4779409113
        0.5151114855        1.6739161218
        0.5758714798        1.6760204036
        0.6366314742        1.6258654749
        0.6973914686        1.6864807674
        0.7581514629        1.7857777231
        0.8189114573        1.8748534325
        0.8796714517        2.2594556775
        0.9404314460        2.3093778819
        1.0011914404        1.9733851761
        1.0619514348        2.1323930222
        1.1227114291        2.3492225151
        1.1834714235        3.7585301710
        1.2442314179        4.6614182749
        1.3049914122        5.1531263857
        1.3657514066        6.7384205294
        1.4265114010        7.4484583879
        1.4872713953        6.1704560509
        1.5480313897        7.2212622510
        1.6087913841        7.9896906241
        1.6695513784        8.9837172741
        1.7303113728        9.0440848876
        1.7910713672       12.2153331610
        1.8518313615        7.3532417647
        1.9125913559        9.2992514447
        1.9733513502        7.4448512412
        2.0341113446        9.2315805378
        2.0948713390        9.4357298114
        2.1556313333        9.0493663311
        2.2163913277        8.2369452798
        2.2771513221        8.8448781180
        2.3379113164        8.7719584491
        2.3986713108        6.5820028067
        2.4594313052        4.9743722598
        2.5201912995        3.7254631636
        2.5809512939        3.3825699897
        2.6417112883        3.6548216642
        2.7024712826        4.6964458134
        2.7632312770        2.4195021829
        2.8239912714        1.8571529376
        2.8847512657        1.5152039280
        2.9455112601        1.6434920724
        3.0062712545        1.9496114491
        3.0670312488        2.9798502573
        3.1277912432        3.4155618228
        3.1885512376        3.8117519903
        3.2493112319        3.9243933671
        3.3100712263        4.9393723176
        3.3708312207        7.3044323499
        3.4315912150        8.9963475937
        3.4923512094        9.5813585755
        3.5531112038        5.6418899318
        3.6138711981        3.6332160206
        3.6746311925        2.7434521842
        3.7353911869        2.3397530078
        3.7961511812        2.3805175168
        3.8569111756        1.0295341836
        3.9176711700        0.0595923885
        3.9784311643        0.0000000000
        4.0391911587        0.0000000000
        4.0999511531        0.0000000000
        4.1607111474        0.0000000000
        4.2214711418        0.0000000000
        4.2822311361        0.0000000000
        4.3429911305        0.0000000000
        4.4037511249        0.0000000000
        4.4645111192        0.0000000000
        4.5252711136        0.0000000000
        4.5860311080        0.0000000000
        4.6467911023        0.0000000000
        4.7075510967        0.0000000000
        4.7683110911        0.0000000000
        4.8290710854        0.0000000000
        4.8898310798        0.0000000000
        4.9505910742        0.0000000000
        5.0113510685        0.0000000000
        5.0721110629        0.0000000000
        5.1328710573        0.0000000000
        5.1936310516        0.0000000000
        5.2543910460        0.0000000000
        5.3151510404        0.0000000000
        5.3759110347        0.0000000000
        5.4366710291        0.0000000000
        5.4974310235        0.0000000000
        5.5581910178        0.0000000000
        5.6189510122        0.0000000000
        5.6797110066        0.0000000000
        5.7404710009        0.0000000000
        5.8012309953        0.0000000000
        5.8619909897        0.0000000000
        5.9227509840        0.0000000000
        5.9835109784        0.0000000000
        6.0442709728        0.0000000000
        6.1050309671        0.0000000000
        6.1657909615        0.6654604957
        6.2265509559        0.8185883873
        6.2873109502        0.9173757183
        6.3480709446        0.9566792995
        6.4088309389        2.7354053798
        6.4695909333        3.0682709474
        6.5303509277        2.9831779233
        6.5911109220        4.6972032512
        6.6518709164        5.2986503296
        6.7126309108        8.1552438676
        6.7733909051        7.2244216719
        6.8341508995        2.4337465123
        6.8949108939        1.6160775883
        6.9556708882        2.7010552801
        7.0164308826        5.8880506979
        7.0771908770        3.7436627885
        7.1379508713        3.2817882373
        7.1987108657        3.5415870561
        7.2594708601        2.7109093270
        7.3202308544        4.0582811971
        7.3809908488        6.2047701318
        7.4417508432        4.8312433578
        7.5025108375        3.6235460431
        7.5632708319        5.1492459385
        7.6240308263        4.4211850844
        7.6847908206        4.2079527483
        7.7455508150        5.7882871917
        7.8063108094        7.6929781100
        7.8670708037        6.5016769699
        7.9278307981        4.6249921343
        7.9885907925        2.7939069868
        8.0493507868        2.8819005487
        8.1101107812        2.1734063404
        8.1708707756        1.8583457091
        8.2316307699        1.6815317659
        8.2923907643        1.8821312832
        8.3531507587        0.7426231400
        8.4139107530        1.6031129089
        8.4746707474        3.2965574236
        8.5354307418        8.2929720634
        8.5961907361        7.8712605011
        8.6569507305        8.3868403562
        8.7177107248        8.8157578609
        8.7784707192        7.3306487607
        8.8392307136        6.4178362065
        8.8999907079        6.4324429402
        8.9607507023        4.2247152596
        9.0215106967        1.7702565985
        9.0822706910        0.0000000000
        9.1430306854        0.0000000000
        9.2037906798        0.0000000000
        9.2645506741        0.0000000000
        9.3253106685        0.0000000000
        9.3860706629        0.0000000000
        9.4468306572        0.0000000000
        9.5075906516        0.0000000000
        9.5683506460        0.0000000000
        9.6291106403        0.0000000000
        9.6898706347        0.0000000000
        9.7506306291        0.0000000000
        9.8113906234        0.0000000000
        9.8721506178        0.0000000000
        9.9329106122        0.0000000000
        9.9936706065        0.0000000000
       10.0544306009        0.0000000000
