# Tetrahedron method
       -1.0212427669        0.0000000000
       -0.9599682068        0.0000000000
       -0.8986936468        0.0000000000
       -0.8374190867        0.0000000000
       -0.7761445267        0.0000000000
       -0.7148699666        0.0000000000
       -0.6535954066        0.0000000000
       -0.5923208465        0.0000000000
       -0.5310462865        0.0000000000
       -0.4697717265        0.0000000000
       -0.4084971664        0.0000000000
       -0.3472226064        0.0000000000
       -0.2859480463        0.0000000000
       -0.2246734863        0.0000000000
       -0.1633989262        0.0000000000
       -0.1021243662        0.0000000000
       -0.0408498061        0.0000000000
        0.0204247539        0.0002299008
        0.0816993140        0.0036784263
        0.1429738740        0.0113827355
        0.2042484340        0.0572316271
        0.2655229941        0.0756915724
        0.3267975541        0.1401260867
        0.3880721142        0.2403753761
        0.4493466742        0.2626104426
        0.5106212343        0.3779253867
        0.5718957943        0.4728298681
        0.6331703544        0.5658796284
        0.6944449144        0.7035444372
        0.7557194745        0.8354515361
        0.8169940345        1.0740770373
        0.8782685945        1.3858161064
        0.9395431546        1.5696526305
        1.0008177146        1.7323652497
        1.0620922747        1.9133332572
        1.1233668347        2.3099748045
        1.1846413948        2.3618240690
        1.2459159548        2.6492946429
        1.3071905149        3.5066871743
        1.3684650749        4.3171713339
        1.4297396350        6.4464220978
        1.4910141950        7.3224026181
        1.5522887550       10.4731002008
        1.6135633151       10.9633049547
        1.6748378751       11.5193525932
        1.7361124352       12.1767326067
        1.7973869952        8.5450177379
        1.8586615553        9.0506952098
        1.9199361153        9.3508814190
        1.9812106754        8.9688594228
        2.0424852354        7.7513767379
        2.1037597955        8.9536824284
        2.1650343555       10.0153411146
        2.2263089156       10.8716497314
        2.2875834756       13.3103938473
        2.3488580356       13.6502375751
        2.4101325957       13.9507412571
        2.4714071557       14.0741381120
        2.5326817158       17.6210983324
        2.5939562758       18.4901006876
        2.6552308359       15.1985663940
        2.7165053959        9.3817139014
        2.7777799560       12.0003253812
        2.8390545160        8.2357492357
        2.9003290761       10.3749174949
        2.9616036361       14.0831137664
        3.0228781961       13.0447816305
        3.0841527562       11.7251794850
        3.1454273162       11.4680276324
        3.2067018763       12.9286117158
        3.2679764363        9.0516724449
        3.3292509964        5.9960462164
        3.3905255564        2.9083817438
        3.4518001165        1.6497158401
        3.5130746765        1.1005326878
        3.5743492366        0.4575796454
        3.6356237966        0.0000000000
        3.6968983566        0.0000000000
        3.7581729167        0.0000000000
        3.8194474767        0.0000000000
        3.8807220368        0.0000000000
        3.9419965968        0.0000000000
        4.0032711569        0.0000000000
        4.0645457169        0.0000000000
        4.1258202770        0.0000000000
        4.1870948370        0.0000000000
        4.2483693971        0.0000000000
        4.3096439571        0.0000000000
        4.3709185172        0.0000000000
        4.4321930772        0.0000000000
        4.4934676372        0.0000000000
        4.5547421973        0.0000000000
        4.6160167573        0.0000000000
        4.6772913174        0.0000000000
        4.7385658774        0.0000000000
        4.7998404375        0.0000000000
        4.8611149975        0.0000000000
        4.9223895576        0.0000000000
        4.9836641176        0.0000000000
        5.0449386777        0.0000000000
        5.1062132377        0.0000000000
        5.1674877977        0.0000000000
        5.2287623578        0.0000000000
        5.2900369178        0.0000000000
        5.3513114779        0.0000000000
        5.4125860379        0.0000000000
        5.4738605980        0.0000000000
        5.5351351580        0.0000000000
        5.5964097181        0.0000000000
        5.6576842781        0.0000000000
        5.7189588382        0.0000000000
        5.7802333982        0.0000000000
        5.8415079582        0.0000000000
        5.9027825183        0.0000000000
        5.9640570783        0.0000000000
        6.0253316384        0.0000000000
        6.0866061984        0.0000000000
        6.1478807585        0.0000000000
        6.2091553185        0.0000000000
        6.2704298786        0.0000000000
        6.3317044386        0.0000000000
        6.3929789987        0.0000000000
        6.4542535587        0.0000000000
        6.5155281187        0.0145904999
        6.5768026788        0.6869337516
        6.6380772388        1.0807995501
        6.6993517989        1.4998205374
        6.7606263589        2.1871415950
        6.8219009190        3.0181385154
        6.8831754790        3.9184309945
        6.9444500391        4.8827315139
        7.0057245991        5.4396294014
        7.0669991592        7.6517093277
        7.1282737192        7.1615770185
        7.1895482793        6.1204925382
        7.2508228393       11.1230143495
        7.3120973993        9.8843930920
        7.3733719594        9.2662125845
        7.4346465194       13.3562023065
        7.4959210795       23.8812860287
        7.5571956395       14.1432927454
        7.6184701996        9.7700772255
        7.6797447596        7.6214814184
        7.7410193197       10.3808927949
        7.8022938797       10.9959303533
        7.8635684398       14.7416016973
        7.9248429998       14.7814365025
        7.9861175598       17.1138604757
        8.0473921199        8.0756948616
        8.1086666799        8.0809335995
        8.1699412400        8.5586226975
        8.2312158000        9.0786100944
        8.2924903601        9.1472961113
        8.3537649201        7.8895307224
        8.4150394802        7.8392298347
        8.4763140402        8.0783965495
        8.5375886003        8.2920949438
        8.5988631603        6.4182783688
        8.6601377203        2.7529369223
        8.7214122804        4.2514813103
        8.7826868404        4.0059005616
        8.8439614005        3.1403610349
        8.9052359605        4.8836326746
        8.9665105206        5.6158922965
        9.0277850806        8.7276502037
        9.0890596407        9.9076994857
        9.1503342007       10.0995331353
        9.2116087608        7.4965097858
        9.2728833208        3.3957751601
        9.3341578809        2.1651258771
        9.3954324409        1.6935744882
        9.4567070009        1.9377740948
        9.5179815610        2.4150773219
        9.5792561210        4.5423575366
        9.6405306811        7.5423062546
        9.7018052411        5.5499202607
        9.7630798012        3.2620235043
        9.8243543612        2.3139481421
        9.8856289213        1.9450931864
        9.9469034813        1.4734752136
       10.0081780414        1.1495449293
       10.0694526014        0.8590418021
       10.1307271614        0.5917217124
       10.1920017215        0.1587621570
       10.2532762815        0.0000000000
       10.3145508416        0.0000000000
       10.3758254016        0.0000000000
       10.4370999617        0.0000000000
       10.4983745217        0.0000000000
       10.5596490818        0.0000000000
       10.6209236418        0.0000000000
       10.6821982019        0.0000000000
       10.7434727619        0.0000000000
       10.8047473219        0.0000000000
       10.8660218820        0.0000000000
       10.9272964420        0.0000000000
       10.9885710021        0.0000000000
       11.0498455621        0.0000000000
       11.1111201222        0.0000000000
       11.1723946822        0.0000000000
       11.2336692423        0.0000000000
