# Tetrahedron method
       -1.0793250421        0.0000000000
       -1.0145655507        0.0000000000
       -0.9498060592        0.0000000000
       -0.8850465677        0.0000000000
       -0.8202870762        0.0000000000
       -0.7555275848        0.0000000000
       -0.6907680933        0.0000000000
       -0.6260086018        0.0000000000
       -0.5612491103        0.0000000000
       -0.4964896189        0.0000000000
       -0.4317301274        0.0000000000
       -0.3669706359        0.0000000000
       -0.3022111444        0.0000000000
       -0.2374516529        0.0000000000
       -0.1726921615        0.0000000000
       -0.1079326700        0.0000000000
       -0.0431731785        0.0000000000
        0.0215863130        0.0000749349
        0.0863458044        0.0011989608
        0.1511052959        0.0036718184
        0.2158647874        0.0089681731
        0.2806242789        0.0149460992
        0.3453837703        0.0247371239
        0.4101432618        0.0382466891
        0.4749027533        0.0539772250
        0.5396622448        0.0746001196
        0.6044217362        0.1011557597
        0.6691812277        0.1264542474
        0.7339407192        0.1504974924
        0.7987002107        0.1822648513
        0.8634597022        0.2187487590
        0.9282191936        0.2604111328
        0.9929786851        0.3126299485
        1.0577381766        0.3705162139
        1.1224976681        0.4386314620
        1.1872571595        0.5246003846
        1.2520166510        0.6174333922
        1.3167761425        0.7634410758
        1.3815356340        1.0255109580
        1.4462951254        1.1569608100
        1.5110546169        1.3274612976
        1.5758141084        1.4937045321
        1.6405735999        1.7763715935
        1.7053330914        2.4214410725
        1.7700925828        2.4140891926
        1.8348520743        2.2312598603
        1.8996115658        2.0326580245
        1.9643710573        1.9066048154
        2.0291305487        2.0276793698
        2.0938900402        1.9468171287
        2.1586495317        1.9115627607
        2.2234090232        1.8090189307
        2.2881685146        2.4041273225
        2.3529280061        2.8505699735
        2.4176874976        1.8693086331
        2.4824469891        1.6028532372
        2.5472064805        0.9443067407
        2.6119659720        0.5535113961
        2.6767254635        0.5364837800
        2.7414849550        0.5851755696
        2.8062444465        0.8148279296
        2.8710039379        0.9032110673
        2.9357634294        0.6560570901
        3.0005229209        0.6881107023
        3.0652824124        0.9139051733
        3.1300419038        1.5477413645
        3.1948013953        2.1038540634
        3.2595608868        2.5049571556
        3.3243203783        2.4675911883
        3.3890798697        3.3540582753
        3.4538393612        2.0505944705
        3.5185988527        1.8178799183
        3.5833583442        1.9449437509
        3.6481178356        2.0443283411
        3.7128773271        2.1539098775
        3.7776368186        2.3806278449
        3.8423963101        2.0001622392
        3.9071558016        2.2137571644
        3.9719152930        2.0569426267
        4.0366747845        2.3158393557
        4.1014342760        2.4286849702
        4.1661937675        2.6568448006
        4.2309532589        3.4518829486
        4.2957127504        3.3259310886
        4.3604722419        3.6165036261
        4.4252317334        3.8616716709
        4.4899912248        3.5428032635
        4.5547507163        3.9185317514
        4.6195102078        3.5300072958
        4.6842696993        2.7452964392
        4.7490291908        2.6882129217
        4.8137886822        3.0315729855
        4.8785481737        3.1697161935
        4.9433076652        2.6602496933
        5.0080671567        3.2683505547
        5.0728266481        3.4813452869
        5.1375861396        3.5424829372
        5.2023456311        3.2099861168
        5.2671051226        2.5418349054
        5.3318646140        2.2519291689
        5.3966241055        2.2606394041
        5.4613835970        2.1498134703
        5.5261430885        2.1483251243
        5.5909025799        2.1921835231
        5.6556620714        2.4793702351
        5.7204215629        2.6641869308
        5.7851810544        2.5560281880
        5.8499405459        2.4052524252
        5.9147000373        2.4236255156
        5.9794595288        2.3787894966
        6.0442190203        2.3285572879
        6.1089785118        2.2164940840
        6.1737380032        2.0853034370
        6.2384974947        2.3381281744
        6.3032569862        2.3986995502
        6.3680164777        2.3161345881
        6.4327759691        1.9323504005
        6.4975354606        1.8267240775
        6.5622949521        1.7021519631
        6.6270544436        1.8965031338
        6.6918139351        2.1332933357
        6.7565734265        2.3683763592
        6.8213329180        2.0408809289
        6.8860924095        2.0599389491
        6.9508519010        2.2778343374
        7.0156113924        2.2765751728
        7.0803708839        2.1028435501
        7.1451303754        1.9673690972
        7.2098898669        1.7104862902
        7.2746493583        1.5616762459
        7.3394088498        1.3150982869
        7.4041683413        1.4495285316
        7.4689278328        1.7489954678
        7.5336873242        1.9381584173
        7.5984468157        2.2435076195
        7.6632063072        2.3305570726
        7.7279657987        1.7944720785
        7.7927252902        1.6477086976
        7.8574847816        1.7431514634
        7.9222442731        2.3552203283
        7.9870037646        3.2281774660
        8.0517632561        3.0747461614
        8.1165227475        2.5007259617
        8.1812822390        2.3780614400
        8.2460417305        2.8997868838
        8.3108012220        3.2284112711
        8.3755607134        3.5615850952
        8.4403202049        3.5447106726
        8.5050796964        2.9439968810
        8.5698391879        2.5542308065
        8.6345986794        3.1816409621
        8.6993581708        3.4000894502
        8.7641176623        4.0951972270
        8.8288771538        4.2577219830
        8.8936366453        4.9791424510
        8.9583961367        4.3668044056
        9.0231556282        5.7200241156
        9.0879151197        4.9215498918
        9.1526746112        4.3273304446
        9.2174341026        3.4179416053
        9.2821935941        3.1624128701
        9.3469530856        3.3074948250
        9.4117125771        3.2024337825
        9.4764720685        3.5008387375
        9.5412315600        3.7305001963
        9.6059910515        4.0293971076
        9.6707505430        4.8730812378
        9.7355100345        4.7524009111
        9.8002695259        4.8094873513
        9.8650290174        5.0237995074
        9.9297885089        6.0781619571
        9.9945480004        5.3438603563
       10.0593074918        4.3448004850
       10.1240669833        3.5296152201
       10.1888264748        3.2508177183
       10.2535859663        2.7751355078
       10.3183454577        2.3468290886
       10.3831049492        2.0123140680
       10.4478644407        1.6648645208
       10.5126239322        1.2979675179
       10.5773834236        0.8080743066
       10.6421429151        0.5515414780
       10.7069024066        0.3480616453
       10.7716618981        0.1002016043
       10.8364213896        0.0000000000
       10.9011808810        0.0000000000
       10.9659403725        0.0000000000
       11.0306998640        0.0000000000
       11.0954593555        0.0000000000
       11.1602188469        0.0000000000
       11.2249783384        0.0000000000
       11.2897378299        0.0000000000
       11.3544973214        0.0000000000
       11.4192568128        0.0000000000
       11.4840163043        0.0000000000
       11.5487757958        0.0000000000
       11.6135352873        0.0000000000
       11.6782947788        0.0000000000
       11.7430542702        0.0000000000
       11.8078137617        0.0000000000
       11.8725732532        0.0000000000
