# Tetrahedron method
       -1.2931980452        0.0000000000
       -1.2156061590        0.0000000000
       -1.1380142729        0.0000000000
       -1.0604223867        0.0000000000
       -0.9828305005        0.0000000000
       -0.9052386144        0.0000000000
       -0.8276467282        0.0000000000
       -0.7500548420        0.0000000000
       -0.6724629559        0.0000000000
       -0.5948710697        0.0000000000
       -0.5172791835        0.0000000000
       -0.4396872974        0.0000000000
       -0.3620954112        0.0000000000
       -0.2845035250        0.0000000000
       -0.2069116389        0.0000000000
       -0.1293197527        0.0000000000
       -0.0517278665        0.0000000000
        0.0258640197        0.0003091547
        0.1034559058        0.0049464788
        0.1810477920        0.0151485929
        0.2586396782        0.0436579918
        0.3362315643        0.0743241480
        0.4138234505        0.1210066506
        0.4914153367        0.1790483088
        0.5690072228        0.2441694461
        0.6465991090        0.3232211217
        0.7241909952        0.4170435017
        0.8017828813        0.5221066325
        0.8793747675        0.6509358193
        0.9569666537        0.8108350068
        1.0345585398        1.0026557399
        1.1121504260        1.2343000983
        1.1897423122        1.5182750412
        1.2673341983        1.9135782580
        1.3449260845        2.4068101855
        1.4225179707        3.0146101313
        1.5001098568        3.7057873892
        1.5777017430        5.3138855391
        1.6552936292       10.0513254229
        1.7328855154       17.7828939358
        1.8104774015       17.0944541971
        1.8880692877       15.2867002110
        1.9656611739       11.1623742974
        2.0432530600       11.0030317608
        2.1208449462       16.7087904349
        2.1984368324       12.6193847732
        2.2760287185        6.3991538632
        2.3536206047       11.1849908617
        2.4312124909        9.3760020375
        2.5088043770        3.7136192492
        2.5863962632        2.4705695273
        2.6639881494        3.1363983052
        2.7415800355        1.6404711811
        2.8191719217        1.6316334005
        2.8967638079        1.8139717711
        2.9743556940        2.1903640289
        3.0519475802        1.5825857840
        3.1295394664        0.7445877463
        3.2071313525        0.8434991587
        3.2847232387        1.0215992245
        3.3623151249        1.1140223446
        3.4399070111        1.0785475040
        3.5174988972        1.0059737659
        3.5950907834        0.9447448666
        3.6726826696        0.8879249783
        3.7502745557        0.8580545440
        3.8278664419        0.9149829138
        3.9054583281        1.0012705195
        3.9830502142        3.4598307483
        4.0606421004        3.1779320356
        4.1382339866        3.0719001946
        4.2158258727        3.6160467663
        4.2934177589        4.3144341015
        4.3710096451        3.7120084050
        4.4486015312        3.4481952502
        4.5261934174        4.6786249335
        4.6037853036        4.0162880666
        4.6813771897        3.3276408782
        4.7589690759        4.7159950345
        4.8365609621        4.6757549615
        4.9141528482        5.8471979511
        4.9917447344        6.4007501371
        5.0693366206        5.8544151287
        5.1469285068        7.3940137806
        5.2245203929        8.5575738453
        5.3021122791        5.7504229030
        5.3797041653        6.8258033421
        5.4572960514        6.4892504897
        5.5348879376        8.1896036106
        5.6124798238        8.4895737617
        5.6900717099        8.9800135846
        5.7676635961        6.3512832041
        5.8452554823        7.5512448855
        5.9228473684        5.9979176121
        6.0004392546        5.6029013641
        6.0780311408        4.8417453283
        6.1556230269        4.3505799685
        6.2332149131        3.9196838000
        6.3108067993        3.5987039700
        6.3883986854        3.3102843004
        6.4659905716        3.0208489246
        6.5435824578        2.4155244071
        6.6211743440        2.4275657526
        6.6987662301        2.2417955186
        6.7763581163        2.5191519859
        6.8539500025        4.3478052818
        6.9315418886        3.8580548519
        7.0091337748        3.1733103940
        7.0867256610        4.4107410725
        7.1643175471        7.0320611563
        7.2419094333        5.3980516104
        7.3195013195        4.3287264491
        7.3970932056        4.6609784348
        7.4746850918        5.0498213194
        7.5522769780        5.6561135209
        7.6298688641        5.5595276836
        7.7074607503        5.2891982048
        7.7850526365        4.2293352481
        7.8626445226        4.1508442905
        7.9402364088        3.6877074614
        8.0178282950        3.0722736720
        8.0954201811        3.4493826926
        8.1730120673        3.9826998019
        8.2506039535        2.4029202055
        8.3281958397        2.0398517783
        8.4057877258        2.1656543886
        8.4833796120        2.2050233138
        8.5609714982        2.7102946335
        8.6385633843        2.2851570533
        8.7161552705        3.2223405182
        8.7937471567        2.8375444650
        8.8713390428        3.1563849584
        8.9489309290        3.2969754715
        9.0265228152        3.0641002958
        9.1041147013        3.0802294883
        9.1817065875        3.3195590896
        9.2592984737        3.7121594344
        9.3368903598        4.0209133668
        9.4144822460        4.8889609933
        9.4920741322        5.6673656659
        9.5696660183        7.2227489582
        9.6472579045        6.5084941510
        9.7248497907        6.4039062370
        9.8024416768        6.7849728568
        9.8800335630        6.1509451645
        9.9576254492        6.0515456147
       10.0352173354        5.7531404337
       10.1128092215        5.5012918164
       10.1904011077        5.0057794583
       10.2679929939        6.8841463305
       10.3455848800        5.6278458759
       10.4231767662        5.6358100415
       10.5007686524        4.9771786576
       10.5783605385        3.0679389565
       10.6559524247        1.5988518624
       10.7335443109        1.3751992216
       10.8111361970        1.8748043301
       10.8887280832        3.1909100411
       10.9663199694        4.9486285306
       11.0439118555        4.6134551578
       11.1215037417        6.0493776704
       11.1990956279        7.1414983523
       11.2766875140        9.2329206926
       11.3542794002       12.4539766943
       11.4318712864        4.4948110689
       11.5094631726        1.3027915637
       11.5870550587        3.7372842175
       11.6646469449        5.7127738471
       11.7422388311        4.7833921265
       11.8198307172        5.3781673032
       11.8974226034        6.5630218701
       11.9750144896        4.3983421310
       12.0526063757        2.1708975742
       12.1301982619        1.1971709467
       12.2077901481        1.1453862678
       12.2853820342        1.2158119999
       12.3629739204        1.8433431059
       12.4405658066        1.8508979480
       12.5181576927        1.3477390753
       12.5957495789        1.1520236410
       12.6733414651        1.0214903858
       12.7509333512        0.9339940342
       12.8285252374        0.8639190841
       12.9061171236        0.8309704570
       12.9837090097        0.0000000000
       13.0613008959        0.0000000000
       13.1388927821        0.0000000000
       13.2164846683        0.0000000000
       13.2940765544        0.0000000000
       13.3716684406        0.0000000000
       13.4492603268        0.0000000000
       13.5268522129        0.0000000000
       13.6044440991        0.0000000000
       13.6820359853        0.0000000000
       13.7596278714        0.0000000000
       13.8372197576        0.0000000000
       13.9148116438        0.0000000000
       13.9924035299        0.0000000000
       14.0699954161        0.0000000000
       14.1475873023        0.0000000000
       14.2251791884        0.0000000000
