# Tetrahedron method
       -0.9978533860        0.0000000000
       -0.9379821887        0.0000000000
       -0.8781109914        0.0000000000
       -0.8182397942        0.0000000000
       -0.7583685969        0.0000000000
       -0.6984973996        0.0000000000
       -0.6386262024        0.0000000000
       -0.5787550051        0.0000000000
       -0.5188838078        0.0000000000
       -0.4590126106        0.0000000000
       -0.3991414133        0.0000000000
       -0.3392702160        0.0000000000
       -0.2793990188        0.0000000000
       -0.2195278215        0.0000000000
       -0.1596566242        0.0000000000
       -0.0997854270        0.0000000000
       -0.0399142297        0.0000000000
        0.0199569676        0.0007597668
        0.0798281648        0.0121563007
        0.1396993621        0.0373177507
        0.1995705594        0.1267143217
        0.2594417566        0.2235661587
        0.3193129539        0.3735513541
        0.3791841512        0.5415226779
        0.4390553484        0.6968721772
        0.4989265457        0.9045177994
        0.5587977430        1.2384469236
        0.6186689402        1.5914475643
        0.6785401375        1.8184175983
        0.7384113347        2.2022972096
        0.7982825320        2.7646702036
        0.8581537293        3.3037064179
        0.9180249265        4.0299825805
        0.9778961238        4.9165186943
        1.0377673211        6.3450321051
        1.0976385183        7.5542505038
        1.1575097156        8.4550133503
        1.2173809129       11.9599884082
        1.2772521101       16.7976133249
        1.3371233074       18.6269180587
        1.3969945047       13.0337595324
        1.4568657019       16.1909211146
        1.5167368992       16.7763863612
        1.5766080965       10.2107631233
        1.6364792937       11.7235669767
        1.6963504910       10.8846425050
        1.7562216883       15.4033923459
        1.8160928855       15.9143909428
        1.8759640828       19.5309188824
        1.9358352801       17.4919418693
        1.9957064773       15.0205431143
        2.0555776746       16.5480115419
        2.1154488719       20.4647670919
        2.1753200691       14.2580919190
        2.2351912664       19.8058303783
        2.2950624637       18.3768797712
        2.3549336609       14.1585667515
        2.4148048582       22.0729703456
        2.4746760554       18.8375202296
        2.5345472527       14.7803517608
        2.5944184500       30.8531992771
        2.6542896472       26.5268196972
        2.7141608445       15.8805852121
        2.7740320418       18.4175532799
        2.8339032390        8.3701239607
        2.8937744363        6.6261723838
        2.9536456336        2.7837574807
        3.0135168308        3.0687060774
        3.0733880281        4.2056228024
        3.1332592254        6.0183528406
        3.1931304226        3.7852226095
        3.2530016199        3.8888512114
        3.3128728172        1.8972163876
        3.3727440144        1.6253396172
        3.4326152117        1.3289344884
        3.4924864090        0.0000000000
        3.5523576062        0.0000000000
        3.6122288035        0.0000000000
        3.6721000008        0.0000000000
        3.7319711980        0.0000000000
        3.7918423953        0.0000000000
        3.8517135926        0.0000000000
        3.9115847898        0.0000000000
        3.9714559871        0.0000000000
        4.0313271844        0.0000000000
        4.0911983816        0.0000000000
        4.1510695789        0.0000000000
        4.2109407761        0.0000000000
        4.2708119734        0.0000000000
        4.3306831707        0.0000000000
        4.3905543679        0.0000000000
        4.4504255652        0.0000000000
        4.5102967625        0.0000000000
        4.5701679597        0.0000000000
        4.6300391570        0.0000000000
        4.6899103543        0.0000000000
        4.7497815515        0.2478597525
        4.8096527488        0.2378269608
        4.8695239461        0.3398384626
        4.9293951433        5.0592392722
        4.9892663406        4.0072229978
        5.0491375379        3.1248461800
        5.1090087351        2.4221938275
        5.1688799324        4.0503781910
        5.2287511297        5.0868714847
        5.2886223269        4.3688016122
        5.3484935242        3.2070771563
        5.4083647215        6.8585785582
        5.4682359187        5.2025475138
        5.5281071160        3.8420245991
        5.5879783133        5.3463190673
        5.6478495105        6.9048427569
        5.7077207078        5.0244740385
        5.7675919051        5.8006891099
        5.8274631023        7.1347819413
        5.8873342996        3.6816224751
        5.9472054968        3.6736974994
        6.0070766941        3.6998153350
        6.0669478914        4.9791104179
        6.1268190886        4.1278330563
        6.1866902859        6.3821175645
        6.2465614832        8.2139039856
        6.3064326804        8.6539336524
        6.3663038777        7.8166122790
        6.4261750750        9.1866972995
        6.4860462722        9.2012950283
        6.5459174695        8.7222361207
        6.6057886668        8.8927509040
        6.6656598640        5.8059889900
        6.7255310613        6.5998377727
        6.7854022586        7.8635437825
        6.8452734558        4.6930253134
        6.9051446531        4.6399723440
        6.9650158504        5.4257423069
        7.0248870476        5.4966210024
        7.0847582449        6.5789067971
        7.1446294422        7.4649116596
        7.2045006394        4.9351569799
        7.2643718367        4.5694232538
        7.3242430340        4.9207883060
        7.3841142312        5.4537025540
        7.4439854285        5.3568173850
        7.5038566258        6.1283544275
        7.5637278230        7.0882950729
        7.6235990203        8.2326344277
        7.6834702175        8.6237185418
        7.7433414148        9.1055868716
        7.8032126121        8.3104045868
        7.8630838093        9.1785172674
        7.9229550066        9.2002580701
        7.9828262039        9.3060636439
        8.0426974011       11.0680317071
        8.1025685984       10.6348317938
        8.1624397957        9.1281588061
        8.2223109929       10.3239033335
        8.2821821902        9.1060456076
        8.3420533875        9.0281716679
        8.4019245847        7.0861684265
        8.4617957820        8.1838543669
        8.5216669793        6.7819544429
        8.5815381765        7.8832935414
        8.6414093738        6.7464206350
        8.7012805711        6.0347339088
        8.7611517683        6.3197985088
        8.8210229656        5.5099712321
        8.8808941629        5.6830075022
        8.9407653601        3.9262756648
        9.0006365574        2.5976547130
        9.0605077547        1.9297379622
        9.1203789519        1.2923134384
        9.1802501492        0.7765878631
        9.2401213465        0.7563529148
        9.2999925437        0.7048607556
        9.3598637410        0.3677360371
        9.4197349382        0.3418139418
        9.4796061355        0.3230040039
        9.5394773328        0.3107476701
        9.5993485300        0.2856083225
        9.6592197273        0.2813120271
        9.7190909246        0.2703520766
        9.7789621218        0.2514727812
        9.8388333191        0.2439896752
        9.8987045164        0.2399186904
        9.9585757136        0.2198232187
       10.0184469109        0.0000000000
       10.0783181082        0.0000000000
       10.1381893054        0.0000000000
       10.1980605027        0.0000000000
       10.2579317000        0.0000000000
       10.3178028972        0.0000000000
       10.3776740945        0.0000000000
       10.4375452918        0.0000000000
       10.4974164890        0.0000000000
       10.5572876863        0.0000000000
       10.6171588836        0.0000000000
       10.6770300808        0.0000000000
       10.7369012781        0.0000000000
       10.7967724754        0.0000000000
       10.8566436726        0.0000000000
       10.9165148699        0.0000000000
       10.9763860672        0.0000000000
