# Tetrahedron method
       -1.2193181317        0.0000000000
       -1.1461590424        0.0000000000
       -1.0729999531        0.0000000000
       -0.9998408638        0.0000000000
       -0.9266817745        0.0000000000
       -0.8535226852        0.0000000000
       -0.7803635959        0.0000000000
       -0.7072045066        0.0000000000
       -0.6340454173        0.0000000000
       -0.5608863280        0.0000000000
       -0.4877272387        0.0000000000
       -0.4145681493        0.0000000000
       -0.3414090600        0.0000000000
       -0.2682499707        0.0000000000
       -0.1950908814        0.0000000000
       -0.1219317921        0.0000000000
       -0.0487727028        0.0000000000
        0.0243863865        0.0012780720
        0.0975454758        0.0234530177
        0.1707045651        0.1352914411
        0.2438636544        0.4170507308
        0.3170227437        0.8583285783
        0.3901818330        1.1696167223
        0.4633409223        1.5253093481
        0.5365000116        2.2373183069
        0.6096591010        3.0795332415
        0.6828181903        2.8239114447
        0.7559772796        3.3023726263
        0.8291363689        3.6563653739
        0.9022954582        5.0613334475
        0.9754545475        9.2881901788
        1.0486136368       12.4700226304
        1.1217727261       11.9302591615
        1.1949318154       14.0913161062
        1.2680909047       17.5871018644
        1.3412499940        6.6677699159
        1.4144090833        8.6576315834
        1.4875681726        8.4310173570
        1.5607272619        8.6634351821
        1.6338863513       11.9167042801
        1.7070454406       13.3413879723
        1.7802045299       12.0080837860
        1.8533636192       12.3484189656
        1.9265227085        7.0083108208
        1.9996817978        5.2664613856
        2.0728408871        4.1223724053
        2.1459999764        4.7168964029
        2.2191590657        5.3247260756
        2.2923181550        8.3889191892
        2.3654772443        6.3782291265
        2.4386363336        5.2275630133
        2.5117954229        6.8181898793
        2.5849545122        6.2208135008
        2.6581136015        3.9099787520
        2.7312726909        3.3751582132
        2.8044317802        3.7197106165
        2.8775908695        2.4541501366
        2.9507499588        0.0000000000
        3.0239090481        0.0000000000
        3.0970681374        0.0000000000
        3.1702272267        0.0000000000
        3.2433863160        0.0000000000
        3.3165454053        0.0000000000
        3.3897044946        0.0000000000
        3.4628635839        0.0000000000
        3.5360226732        0.0000000000
        3.6091817625        0.0000000000
        3.6823408518        0.0000000000
        3.7554999412        0.0000000000
        3.8286590305        0.0000000000
        3.9018181198        0.0000000000
        3.9749772091        0.0000000000
        4.0481362984        0.0000000000
        4.1212953877        0.0000000000
        4.1944544770        0.0000000000
        4.2676135663        0.0000000000
        4.3407726556        0.0000000000
        4.4139317449        0.0000000000
        4.4870908342        0.0000000000
        4.5602499235        0.0000000000
        4.6334090128        0.0000000000
        4.7065681021        0.0000000000
        4.7797271915        0.0000000000
        4.8528862808        0.0000000000
        4.9260453701        0.0000000000
        4.9992044594        0.0000000000
        5.0723635487        0.0000000000
        5.1455226380        0.0000000000
        5.2186817273        0.0000000000
        5.2918408166        0.0000000000
        5.3649999059        0.0000000000
        5.4381589952        0.0000000000
        5.5113180845        0.0000000000
        5.5844771738        0.0000000000
        5.6576362631        0.0000000000
        5.7307953524        0.0000000000
        5.8039544418        0.0000000000
        5.8771135311        0.0000000000
        5.9502726204        0.0000000000
        6.0234317097        0.0000000000
        6.0965907990        0.0000000000
        6.1697498883        0.1659310017
        6.2429089776        0.3077912605
        6.3160680669        0.5025635660
        6.3892271562        0.6697008368
        6.4623862455        0.9302208231
        6.5355453348        1.3055066794
        6.6087044241        2.1110558828
        6.6818635134        2.3620955820
        6.7550226027        2.1464910412
        6.8281816921        2.3217564114
        6.9013407814        2.8285998546
        6.9744998707        2.9166953399
        7.0476589600        3.1389782244
        7.1208180493        5.3034600159
        7.1939771386        5.6063000367
        7.2671362279        7.7052766222
        7.3402953172        6.3155981108
        7.4134544065        6.0051472127
        7.4866134958        5.5521716929
        7.5597725851        3.7735737361
        7.6329316744        3.2590106467
        7.7060907637        2.7427605461
        7.7792498530        2.7018321184
        7.8524089424        2.8641277764
        7.9255680317        3.2123876210
        7.9987271210        4.0943103464
        8.0718862103        5.4264692012
        8.1450452996        4.4894305512
        8.2182043889        6.6713237690
        8.2913634782        2.9515627616
        8.3645225675        1.0855680242
        8.4376816568        0.7250273522
        8.5108407461        0.6353941420
        8.5839998354        0.6167470680
        8.6571589247        0.6353215477
        8.7303180140        0.7368963480
        8.8034771033        0.7195168270
        8.8766361927        0.4679599264
        8.9497952820        0.9250519987
        9.0229543713        2.0592524212
        9.0961134606        3.6017271551
        9.1692725499        4.7475198665
        9.2424316392        6.7565764377
        9.3155907285        4.2939331676
        9.3887498178        2.4265966620
        9.4619089071        1.7537158885
        9.5350679964        1.0548250840
        9.6082270857        0.5540331100
        9.6813861750        0.2722305070
        9.7545452643        0.3317528813
        9.8277043536        0.5355183493
        9.9008634430        0.4446417551
        9.9740225323        0.4321928501
       10.0471816216        0.4709413448
       10.1203407109        0.5111021650
       10.1934998002        0.5790435916
       10.2666588895        0.6719723970
       10.3398179788        0.7590401048
       10.4129770681        0.8644591359
       10.4861361574        0.9953666747
       10.5592952467        1.1638189743
       10.6324543360        1.4691607662
       10.7056134253        1.8093424871
       10.7787725146        2.3862804522
       10.8519316039        2.0678056494
       10.9250906932        1.7470576698
       10.9982497826        1.5601532523
       11.0714088719        1.4670979114
       11.1445679612        1.3595706456
       11.2177270505        0.9799672554
       11.2908861398        0.7912967300
       11.3640452291        0.6681169366
       11.4372043184        0.5400360336
       11.5103634077        0.3982039711
       11.5835224970        0.3534882839
       11.6566815863        0.3163585222
       11.7298406756        0.2757625305
       11.8029997649        0.2437536744
       11.8761588542        0.2110267518
       11.9493179435        0.1750788841
       12.0224770329        0.1402163052
       12.0956361222        0.1006142388
       12.1687952115        0.0286475311
       12.2419543008        0.0000000000
       12.3151133901        0.0000000000
       12.3882724794        0.0000000000
       12.4614315687        0.0000000000
       12.5345906580        0.0000000000
       12.6077497473        0.0000000000
       12.6809088366        0.0000000000
       12.7540679259        0.0000000000
       12.8272270152        0.0000000000
       12.9003861045        0.0000000000
       12.9735451938        0.0000000000
       13.0467042832        0.0000000000
       13.1198633725        0.0000000000
       13.1930224618        0.0000000000
       13.2661815511        0.0000000000
       13.3393406404        0.0000000000
       13.4124997297        0.0000000000
