# Tetrahedron method
       -1.1689585840        0.0000000000
       -1.0988210753        0.0000000000
       -1.0286835666        0.0000000000
       -0.9585460579        0.0000000000
       -0.8884085492        0.0000000000
       -0.8182710405        0.0000000000
       -0.7481335318        0.0000000000
       -0.6779960231        0.0000000000
       -0.6078585144        0.0000000000
       -0.5377210057        0.0000000000
       -0.4675834969        0.0000000000
       -0.3974459882        0.0000000000
       -0.3273084795        0.0000000000
       -0.2571709708        0.0000000000
       -0.1870334621        0.0000000000
       -0.1168959534        0.0000000000
       -0.0467584447        0.0000000000
        0.0233790640        0.0002153657
        0.0935165727        0.0034458593
        0.1636540814        0.0105529472
        0.2337915901        0.0437303372
        0.3039290988        0.0688886283
        0.3740666075        0.1192615196
        0.4442041162        0.1743830095
        0.5143416249        0.2442725470
        0.5844791336        0.3465008074
        0.6546166424        0.5070117439
        0.7247541511        0.5712269523
        0.7948916598        0.6104878572
        0.8650291685        0.6577242011
        0.9351666772        0.8869156046
        1.0053041859        1.3001482127
        1.0754416946        1.5189193324
        1.1455792033        1.7787803913
        1.2157167120        2.7395965059
        1.2858542207        3.2982367597
        1.3559917294        3.8004177429
        1.4261292381        3.7448904983
        1.4962667468        4.3703183115
        1.5664042555        5.0180960502
        1.6365417642        2.8832647901
        1.7066792730        2.8280610719
        1.7768167817        2.4612654117
        1.8469542904        3.5864434221
        1.9170917991        3.9702757309
        1.9872293078        5.9826737897
        2.0573668165        3.7819908754
        2.1275043252        7.0580903525
        2.1976418339        6.2603119031
        2.2677793426        6.0656909491
        2.3379168513        3.2558864685
        2.4080543600        2.3426883832
        2.4781918687        3.7028001238
        2.5483293774        4.5558638583
        2.6184668861        1.7727237747
        2.6886043948        3.3789402246
        2.7587419035        3.6440720109
        2.8288794123        6.4379120389
        2.8990169210        2.3516638062
        2.9691544297        2.1605613053
        3.0392919384        2.1391072408
        3.1094294471        9.3231519897
        3.1795669558        4.0765540403
        3.2497044645        0.6585269617
        3.3198419732        0.2179150072
        3.3899794819        0.0000000000
        3.4601169906        0.0000000000
        3.5302544993        0.0000000000
        3.6003920080        0.0000000000
        3.6705295167        0.0000000000
        3.7406670254        0.0000000000
        3.8108045341        0.0000000000
        3.8809420429        0.0000000000
        3.9510795516        0.0000000000
        4.0212170603        0.0000000000
        4.0913545690        0.0000000000
        4.1614920777        0.0000000000
        4.2316295864        0.0000000000
        4.3017670951        0.0000000000
        4.3719046038        0.0000000000
        4.4420421125        0.0000000000
        4.5121796212        0.0000000000
        4.5823171299        0.1268874700
        4.6524546386        0.3379205939
        4.7225921473        0.4168022123
        4.7927296560        0.5030808109
        4.8628671647        0.9769369525
        4.9330046734        2.3097361266
        5.0031421822        3.9812419424
        5.0732796909        4.5229824890
        5.1434171996        4.0218842618
        5.2135547083        4.9233078394
        5.2836922170        5.8137763902
        5.3538297257        5.1726445520
        5.4239672344        4.4660212503
        5.4941047431        3.0657532409
        5.5642422518        2.9335682446
        5.6343797605        2.9648492877
        5.7045172692        3.1648583277
        5.7746547779        1.9434411230
        5.8447922866        1.7011472988
        5.9149297953        1.7834847835
        5.9850673040        2.3091168200
        6.0552048128        2.7983526926
        6.1253423215        2.3131924541
        6.1954798302        2.4379732010
        6.2656173389        1.6194435788
        6.3357548476        1.7435866720
        6.4058923563        2.0033902325
        6.4760298650        2.0296542192
        6.5461673737        0.8722750787
        6.6163048824        0.6836708014
        6.6864423911        0.5957881043
        6.7565798998        0.7218470511
        6.8267174085        0.9107573393
        6.8968549172        1.5991142764
        6.9669924259        1.1917244171
        7.0371299346        1.2660024809
        7.1072674433        1.3018411133
        7.1774049521        1.6680847244
        7.2475424608        2.5125808473
        7.3176799695        3.3818688561
        7.3878174782        4.5928588794
        7.4579549869        3.3672386584
        7.5280924956        2.8869228508
        7.5982300043        3.2847022433
        7.6683675130        3.7989685501
        7.7385050217        3.5146129129
        7.8086425304        4.6511505768
        7.8787800391        4.4825745904
        7.9489175478        4.0207000232
        8.0190550565        4.0587021596
        8.0891925652        4.3073821701
        8.1593300739        4.9011148634
        8.2294675827        2.6296174279
        8.2996050914        3.8945018955
        8.3697426001        4.1033458983
        8.4398801088        5.3654598247
        8.5100176175        2.2226067994
        8.5801551262        2.9355662771
        8.6502926349        4.7474874731
        8.7204301436        2.7353754968
        8.7905676523        3.1488904190
        8.8607051610        5.6754827072
        8.9308426697        3.6581004504
        9.0009801784        4.3537422437
        9.0711176871        4.1544053728
        9.1412551958        4.7760066793
        9.2113927045        4.8382844006
        9.2815302132        7.0857981255
        9.3516677220        4.7639619877
        9.4218052307        4.2544364505
        9.4919427394        3.2292516499
        9.5620802481        3.1620101694
        9.6322177568        4.2438900961
        9.7023552655        5.1510194477
        9.7724927742        3.5840119058
        9.8426302829        3.3313472564
        9.9127677916        4.3123813767
        9.9829053003        4.0076156105
       10.0530428090        4.7809706399
       10.1231803177        4.8054195444
       10.1933178264        4.9100571738
       10.2634553351        3.9589638607
       10.3335928438        4.7121034984
       10.4037303526        4.2285898330
       10.4738678613        3.1045189771
       10.5440053700        2.4950027562
       10.6141428787        2.3970739624
       10.6842803874        2.1809618326
       10.7544178961        2.0930200845
       10.8245554048        2.1374910685
       10.8946929135        1.7562291268
       10.9648304222        1.9873479709
       11.0349679309        2.0962053370
       11.1051054396        1.5916763727
       11.1752429483        1.4160313905
       11.2453804570        0.9807334731
       11.3155179657        0.8971104775
       11.3856554744        0.8403864717
       11.4557929831        0.3130895800
       11.5259304919        0.2979610831
       11.5960680006        0.1560344685
       11.6662055093        0.0511657508
       11.7363430180        0.0000000000
       11.8064805267        0.0000000000
       11.8766180354        0.0000000000
       11.9467555441        0.0000000000
       12.0168930528        0.0000000000
       12.0870305615        0.0000000000
       12.1571680702        0.0000000000
       12.2273055789        0.0000000000
       12.2974430876        0.0000000000
       12.3675805963        0.0000000000
       12.4377181050        0.0000000000
       12.5078556137        0.0000000000
       12.5779931225        0.0000000000
       12.6481306312        0.0000000000
       12.7182681399        0.0000000000
       12.7884056486        0.0000000000
       12.8585431573        0.0000000000
