# Tetrahedron method
       -0.6639240712        0.0000000000
       -0.6434624930        0.0000000000
       -0.6230009148        0.0000000000
       -0.6025393366        0.0000000000
       -0.5820777585        0.0000000000
       -0.5616161803        0.0000000000
       -0.5411546021        0.0000000000
       -0.5206930239        0.0000000000
       -0.5002314457        0.0000000000
       -0.4797698675        0.0000000000
       -0.4593082894        0.0000000000
       -0.4388467112        0.0000000000
       -0.4183851330        0.0000000000
       -0.3979235548        0.0000000000
       -0.3774619766        0.0000000000
       -0.3570003984        0.0000000000
       -0.3365388203        0.0000000000
       -0.3160772421        0.0034286764
       -0.2956156639        0.0615837021
       -0.2751540857        0.1028510702
       -0.2546925075        0.1275907927
       -0.2342309293        0.1358104989
       -0.2137693511        0.1430240126
       -0.1933077730        0.1490680429
       -0.1728461948        0.1579112609
       -0.1523846166        0.1578673741
       -0.1319230384        0.1645145221
       -0.1114614602        0.1781101966
       -0.0909998820        0.1854631965
       -0.0705383039        0.2309401829
       -0.0500767257        0.2254020017
       -0.0296151475        0.2315494300
       -0.0091535693        0.2385329776
        0.0113080089        0.2440975315
        0.0317695871        0.2489471139
        0.0522311652        0.2532113491
        0.0726927434        0.2576231198
        0.0931543216        0.2638461794
        0.1136158998        0.2706746611
        0.1340774780        0.2805486223
        0.1545390562        0.3032943693
        0.1750006344        0.3843590605
        0.1954622125        0.4756839248
        0.2159237907        0.5637858180
        0.2363853689        0.7153455014
        0.2568469471        0.9531521872
        0.2773085253        1.2036757302
        0.2977701035        1.5248144846
        0.3182316816        1.8265604962
        0.3386932598        2.0306583682
        0.3591548380        2.1583359631
        0.3796164162        2.6236511249
        0.4000779944        3.5392944959
        0.4205395726        4.1975376332
        0.4410011507        5.1766871451
        0.4614627289        5.3882246629
        0.4819243071        5.8514465835
        0.5023858853        6.3068238109
        0.5228474635        6.3063060804
        0.5433090417        6.4007308385
        0.5637706199        6.7924216056
        0.5842321980        7.4744220436
        0.6046937762        7.2485066508
        0.6251553544        6.4166200936
        0.6456169326        5.4459303139
        0.6660785108        5.2207041730
        0.6865400890        5.3718825905
        0.7070016671        5.4760702733
        0.7274632453        4.9926597978
        0.7479248235        4.6474515207
        0.7683864017        4.5053703132
        0.7888479799        5.4056951201
        0.8093095581        6.5388768044
        0.8297711362        7.7859373639
        0.8502327144        7.3410417655
        0.8706942926        5.9155840026
        0.8911558708        4.8944243831
        0.9116174490        5.5350244851
        0.9320790272        6.9986344229
        0.9525406054        7.5598538689
        0.9730021835        7.4393524138
        0.9934637617        6.7051773459
        1.0139253399        5.5841062025
        1.0343869181        4.9709812952
        1.0548484963        5.1692504798
        1.0753100745        6.0622353912
        1.0957716526        7.0973919290
        1.1162332308        7.4368913824
        1.1366948090        6.2525872371
        1.1571563872        5.6345642117
        1.1776179654        5.5002307177
        1.1980795436        6.0419897220
        1.2185411217        6.1195293638
        1.2390026999        5.6463020548
        1.2594642781        5.7778436733
        1.2799258563        6.0024255608
        1.3003874345        5.7695304933
        1.3208490127        4.1157108715
        1.3413105909        2.6097375208
        1.3617721690        1.5077851659
        1.3822337472        1.4340044451
        1.4026953254        2.4871414600
        1.4231569036        4.3997840086
        1.4436184818        5.8618447965
        1.4640800600        7.5293094405
        1.4845416381        9.2782276000
        1.5050032163        8.6323558660
        1.5254647945        7.3058184184
        1.5459263727        8.0789565536
        1.5663879509        8.9818298744
        1.5868495291        9.6562422279
        1.6073111072        9.1262668527
        1.6277726854        8.5476274506
        1.6482342636        7.6123664594
        1.6686958418        6.8026945416
        1.6891574200        8.8948188225
        1.7096189982        9.8311174102
        1.7300805764        9.5241179553
        1.7505421545        9.8105055437
        1.7710037327       11.2940835336
        1.7914653109        9.6016781677
        1.8119268891        6.7144761621
        1.8323884673        8.1029120511
        1.8528500455        9.7059898810
        1.8733116236        7.7825103604
        1.8937732018        7.4937094037
        1.9142347800       10.6094882291
        1.9346963582       10.6705288168
        1.9551579364       12.0617287406
        1.9756195146       15.6723498065
        1.9960810927       15.4775579983
        2.0165426709       15.1419952749
        2.0370042491       10.9240580862
        2.0574658273       10.0465425782
        2.0779274055       15.6639373833
        2.0983889837       10.8847940047
        2.1188505619       16.2996372345
        2.1393121400       16.5773252805
        2.1597737182       24.1651907921
        2.1802352964       26.0002959068
        2.2006968746       22.3873061491
        2.2211584528       17.8779447109
        2.2416200310       18.6467273218
        2.2620816091       18.5216108004
        2.2825431873       14.8612756686
        2.3030047655        8.4883332196
        2.3234663437        7.5774064863
        2.3439279219       13.0634488038
        2.3643895001       18.2174739968
        2.3848510782       27.2106636673
        2.4053126564       17.2975496917
        2.4257742346       17.6408444365
        2.4462358128       14.5405481118
        2.4666973910       21.5009665830
        2.4871589692       22.0794363019
        2.5076205474       10.5348968177
        2.5280821255       13.6044126081
        2.5485437037       25.0203178344
        2.5690052819       22.0264171520
        2.5894668601       18.7900711912
        2.6099284383        7.9688943223
        2.6303900165        4.6434597524
        2.6508515946        4.2854861168
        2.6713131728        1.5778569797
        2.6917747510        1.3862435900
        2.7122363292        1.3910921766
        2.7326979074        1.4168162867
        2.7531594856        1.4908738743
        2.7736210637        1.5808162370
        2.7940826419        1.7023997488
        2.8145442201        1.8397914133
        2.8350057983        2.0165080918
        2.8554673765        2.2138860250
        2.8759289547        2.4573004154
        2.8963905329        2.7551696352
        2.9168521110        3.1176528481
        2.9373136892        3.5971114065
        2.9577752674        4.1987748806
        2.9782368456        5.1105439572
        2.9986984238        6.4727173957
        3.0191600020        9.5201363399
        3.0396215801       13.4822232623
        3.0600831583       16.3670909797
        3.0805447365        9.9849482374
        3.1010063147        0.0000000000
        3.1214678929        0.0000000000
        3.1419294711        0.0000000000
        3.1623910492        0.0000000000
        3.1828526274        0.0000000000
        3.2033142056        0.0000000000
        3.2237757838        0.0000000000
        3.2442373620        0.0000000000
        3.2646989402        0.0000000000
        3.2851605184        0.0000000000
        3.3056220965        0.0000000000
        3.3260836747        0.0000000000
        3.3465452529        0.0000000000
        3.3670068311        0.0000000000
        3.3874684093        0.0000000000
        3.4079299875        0.0000000000
        3.4283915656        0.0000000000
