# Tetrahedron method
       -0.4956048392        0.0000000000
       -0.4772187878        0.0000000000
       -0.4588327365        0.0000000000
       -0.4404466851        0.0000000000
       -0.4220606337        0.0000000000
       -0.4036745824        0.0000000000
       -0.3852885310        0.0000000000
       -0.3669024797        0.0000000000
       -0.3485164283        0.0000000000
       -0.3301303769        0.0000000000
       -0.3117443256        0.0000000000
       -0.2933582742        0.0000000000
       -0.2749722229        0.0000000000
       -0.2565861715        0.0000000000
       -0.2382001202        0.0000000000
       -0.2198140688        0.0000000000
       -0.2014280174        0.0000000000
       -0.1830419661        0.0004927451
       -0.1646559147        0.0113834157
       -0.1462698634        0.0347072515
       -0.1278838120        0.0732522042
       -0.1094977606        0.1270326586
       -0.0911117093        0.1714871066
       -0.0727256579        0.2196107565
       -0.0543396066        0.2542577376
       -0.0359535552        0.2931142714
       -0.0175675039        0.3354708226
        0.0008185475        0.3806944597
        0.0192045989        0.4315860157
        0.0375906502        0.4928543693
        0.0559767016        0.5665225805
        0.0743627529        0.6757658157
        0.0927488043        0.7760453312
        0.1111348557        0.8063048072
        0.1295209070        0.8500087883
        0.1479069584        1.0645641482
        0.1662930097        1.6562811219
        0.1846790611        1.7597600944
        0.2030651124        2.0361881520
        0.2214511638        2.1461285217
        0.2398372152        2.5770323811
        0.2582232665        2.5023203996
        0.2766093179        2.6292020396
        0.2949953692        2.8263626623
        0.3133814206        3.2294869475
        0.3317674720        3.9214699425
        0.3501535233        4.6773214259
        0.3685395747        5.1004928465
        0.3869256260        5.5658470607
        0.4053116774        5.8514417830
        0.4236977287        6.0943343542
        0.4420837801        6.7615707974
        0.4604698315        7.3803845151
        0.4788558828        8.1672587326
        0.4972419342        9.1467391881
        0.5156279855        9.8978904145
        0.5340140369       10.6566007032
        0.5524000883       10.7994755949
        0.5707861396       10.7975763562
        0.5891721910       11.2879913085
        0.6075582423       11.2335292260
        0.6259442937       11.7172768046
        0.6443303450       14.8471756569
        0.6627163964       16.4737916377
        0.6811024478       17.6630690132
        0.6994884991       19.6630424839
        0.7178745505       21.3314274131
        0.7362606018       22.4678224247
        0.7546466532       21.9471814564
        0.7730327046       22.7004112960
        0.7914187559       26.1505930006
        0.8098048073       26.6088363638
        0.8281908586       26.0088982449
        0.8465769100       26.3256358938
        0.8649629614       34.5609057849
        0.8833490127       33.6838421002
        0.9017350641       31.7585870566
        0.9201211154       39.3490619509
        0.9385071668       38.5927002929
        0.9568932181       39.2651152117
        0.9752792695       39.4956670748
        0.9936653209       40.4558252521
        1.0120513722       42.9621157520
        1.0304374236       39.5648657916
        1.0488234749       44.7774789618
        1.0672095263       46.7746330283
        1.0855955777       41.5915068849
        1.1039816290       38.8714909510
        1.1223676804       38.7005916990
        1.1407537317       38.8716705423
        1.1591397831       37.7807626395
        1.1775258344       35.9884229763
        1.1959118858       32.3866193627
        1.2142979372       30.5314833303
        1.2326839885       27.3598031146
        1.2510700399       25.7972787847
        1.2694560912       23.8580438989
        1.2878421426       23.3736304243
        1.3062281940       22.7055567031
        1.3246142453       22.8241819424
        1.3430002967       22.6723654796
        1.3613863480       24.5592596054
        1.3797723994       21.6656464370
        1.3981584507       20.3259743133
        1.4165445021       20.0771796519
        1.4349305535       20.2420022282
        1.4533166048       20.7791003722
        1.4717026562       22.0203295002
        1.4900887075       20.2161835485
        1.5084747589       20.6046765065
        1.5268608103       21.0493912508
        1.5452468616       22.8533495493
        1.5636329130       19.1678574296
        1.5820189643       18.7621833121
        1.6004050157       18.8197717499
        1.6187910670       17.7231237116
        1.6371771184       18.7099382548
        1.6555631698       17.7000321940
        1.6739492211       18.3727884743
        1.6923352725       16.8272718993
        1.7107213238       14.3169064327
        1.7291073752       17.4308373439
        1.7474934266       19.4856999621
        1.7658794779       23.2358149731
        1.7842655293       24.0676282733
        1.8026515806       25.4907832048
        1.8210376320       26.8678742422
        1.8394236833       25.5910518107
        1.8578097347       29.4252919037
        1.8761957861       30.6959061813
        1.8945818374       28.8785693538
        1.9129678888       33.8186889009
        1.9313539401       42.6146266097
        1.9497399915       36.1596021663
        1.9681260429       32.6570241759
        1.9865120942       33.4068126771
        2.0048981456       33.8115800492
        2.0232841969       33.7541992349
        2.0416702483       36.1612467184
        2.0600562996       47.9609847197
        2.0784423510       41.1814478094
        2.0968284024       28.3520388572
        2.1152144537       31.7634138959
        2.1336005051       41.1140236487
        2.1519865564       41.3407729044
        2.1703726078       34.5344094965
        2.1887586592       30.3670795496
        2.2071447105       33.0290962811
        2.2255307619       30.5488192635
        2.2439168132       31.2469856586
        2.2623028646       25.8189722908
        2.2806889159       24.0606206955
        2.2990749673       21.1032841860
        2.3174610187       18.2295102649
        2.3358470700        9.9788225202
        2.3542331214       10.1195834928
        2.3726191727        8.4306803238
        2.3910052241       11.4973426239
        2.4093912755        4.6981998685
        2.4277773268        0.0000000000
        2.4461633782        0.0000000000
        2.4645494295        0.0000000000
        2.4829354809        0.0000000000
        2.5013215322        0.0000000000
        2.5197075836        0.0000000000
        2.5380936350        0.0000000000
        2.5564796863        1.8936342903
        2.5748657377        1.8896922002
        2.5932517890        2.1249675743
        2.6116378404        2.5832808465
        2.6300238918        2.9807396524
        2.6484099431        3.6071276583
        2.6667959945        4.3974903961
        2.6851820458        5.7871868894
        2.7035680972        8.8990866987
        2.7219541485        8.4742092536
        2.7403401999       10.0000607228
        2.7587262513        6.7438515094
        2.7771123026        6.0046773411
        2.7954983540       11.9379427608
        2.8138844053        9.0621629898
        2.8322704567        8.4172221466
        2.8506565081        7.7518328941
        2.8690425594        6.9410300803
        2.8874286108        0.0000000000
        2.9058146621        0.0000000000
        2.9242007135        0.0000000000
        2.9425867648        0.0000000000
        2.9609728162        0.0000000000
        2.9793588676        0.0000000000
        2.9977449189        0.0000000000
        3.0161309703        0.0000000000
        3.0345170216        0.0000000000
        3.0529030730        0.0000000000
        3.0712891244        0.0000000000
        3.0896751757        0.0000000000
        3.1080612271        0.0000000000
        3.1264472784        0.0000000000
        3.1448333298        0.0000000000
        3.1632193812        0.0000000000
        3.1816054325        0.0000000000
