# Tetrahedron method
       -0.9612688289        0.0000000000
       -0.9035927080        0.0000000000
       -0.8459165872        0.0000000000
       -0.7882404664        0.0000000000
       -0.7305643456        0.0000000000
       -0.6728882247        0.0000000000
       -0.6152121039        0.0000000000
       -0.5575359831        0.0000000000
       -0.4998598623        0.0000000000
       -0.4421837414        0.0000000000
       -0.3845076206        0.0000000000
       -0.3268314998        0.0000000000
       -0.2691553790        0.0000000000
       -0.2114792581        0.0000000000
       -0.1538031373        0.0000000000
       -0.0961270165        0.0000000000
       -0.0384508956        0.0000000000
        0.0192252252        0.0013335981
        0.0769013460        0.0213376655
        0.1345774668        0.0911325381
        0.1922535877        0.1912795086
        0.2499297085        0.3208590886
        0.3076058293        0.4789945190
        0.3652819501        0.6787574172
        0.4229580710        0.8905420537
        0.4806341918        1.1308137794
        0.5383103126        1.4338635727
        0.5959864334        1.8624099650
        0.6536625543        2.1892722988
        0.7113386751        2.5175684677
        0.7690147959        2.8588989925
        0.8266909168        3.2444622293
        0.8843670376        3.5987370820
        0.9420431584        3.9757647382
        0.9997192792        4.9764930244
        1.0573954001        5.8214253638
        1.1150715209        6.9808173473
        1.1727476417        9.0997011945
        1.2304237625        9.2547150957
        1.2880998834        9.6027446780
        1.3457760042       10.7598057993
        1.4034521250       11.3456102420
        1.4611282458       16.0776028992
        1.5188043667       14.2775241568
        1.5764804875       17.3182840072
        1.6341566083       14.6863483399
        1.6918327292       18.6299956057
        1.7495088500       16.7866485314
        1.8071849708       23.3611452853
        1.8648610916       22.0905291852
        1.9225372125       19.4305112858
        1.9802133333       16.5493670022
        2.0378894541       18.1595840670
        2.0955655749       13.7156585038
        2.1532416958       15.1809133214
        2.2109178166       24.6907408616
        2.2685939374       17.7900244184
        2.3262700582       21.8416232982
        2.3839461791       20.2970532765
        2.4416222999       13.9438207395
        2.4992984207       18.7688884741
        2.5569745416       13.7273275542
        2.6146506624       29.8977271922
        2.6723267832       12.6086027495
        2.7300029040       15.0584891053
        2.7876790249       10.9174124257
        2.8453551457        1.1133784998
        2.9030312665        0.0000000000
        2.9607073873        0.0000000000
        3.0183835082        0.0000000000
        3.0760596290        3.5478088203
        3.1337357498        8.8242702175
        3.1914118706        1.7339187939
        3.2490879915        0.0000000000
        3.3067641123        0.0000000000
        3.3644402331        0.0000000000
        3.4221163539        0.0000000000
        3.4797924748        0.0000000000
        3.5374685956        0.0000000000
        3.5951447164        0.0000000000
        3.6528208373        0.0000000000
        3.7104969581        0.0000000000
        3.7681730789        0.0000000000
        3.8258491997        0.0000000000
        3.8835253206        0.0000000000
        3.9412014414        0.0000000000
        3.9988775622        0.0000000000
        4.0565536830        0.0000000000
        4.1142298039        0.0000000000
        4.1719059247        0.0000000000
        4.2295820455        0.0000000000
        4.2872581663        0.0000000000
        4.3449342872        0.0000000000
        4.4026104080        0.0000000000
        4.4602865288        0.0000000000
        4.5179626497        0.0000000000
        4.5756387705        0.0000000000
        4.6333148913        0.0000000000
        4.6909910121        0.0000000000
        4.7486671330        0.0000000000
        4.8063432538        0.0000000000
        4.8640193746        0.0000000000
        4.9216954954        0.0000000000
        4.9793716163        0.0000000000
        5.0370477371        0.0000000000
        5.0947238579        0.0000000000
        5.1523999787        0.0000000000
        5.2100760996        5.3105680392
        5.2677522204        2.4193874897
        5.3254283412        1.8504925130
        5.3831044621        1.6790039687
        5.4407805829        2.2275017301
        5.4984567037        5.0657690104
        5.5561328245        6.3505649656
        5.6138089454        5.2844810802
        5.6714850662        4.9838371305
        5.7291611870        6.0353107537
        5.7868373078        6.6028163766
        5.8445134287        5.8964489904
        5.9021895495        6.1965933386
        5.9598656703        4.7270561635
        6.0175417911        5.5899307117
        6.0752179120        6.7279840876
        6.1328940328        6.2262964821
        6.1905701536        6.5170075563
        6.2482462745        5.6251506863
        6.3059223953        7.3965460430
        6.3635985161        6.2213795239
        6.4212746369        5.3588411646
        6.4789507578        7.8924878781
        6.5366268786        0.9143044348
        6.5943029994        6.9787208389
        6.6519791202        7.8054338068
        6.7096552411       10.1374876444
        6.7673313619        6.8593840347
        6.8250074827        8.7753523898
        6.8826836035       10.6164239866
        6.9403597244        6.5210008068
        6.9980358452        7.7465362865
        7.0557119660        8.2349392124
        7.1133880869        7.3456268011
        7.1710642077        6.1972656995
        7.2287403285        5.2278965328
        7.2864164493        8.7811187896
        7.3440925702        5.2484332664
        7.4017686910        8.4412933213
        7.4594448118        6.4081141925
        7.5171209326       11.3524961253
        7.5747970535        5.7236570068
        7.6324731743        8.3004497461
        7.6901492951        6.8745837139
        7.7478254159        8.8437158785
        7.8055015368       11.0194711455
        7.8631776576        6.9622930078
        7.9208537784        7.3131918630
        7.9785298993       11.3502067261
        8.0362060201       12.5881091394
        8.0938821409        7.9803665818
        8.1515582617       10.2005560125
        8.2092343826        8.5037839664
        8.2669105034       10.4730046373
        8.3245866242        6.2831194905
        8.3822627450        8.6668860177
        8.4399388659       10.8792680315
        8.4976149867        9.3398539360
        8.5552911075        9.4456533771
        8.6129672283        9.0201376704
        8.6706433492        7.7972226098
        8.7283194700        9.7767858381
        8.7859955908        9.0059612081
        8.8436717117        4.8118114696
        8.9013478325        6.3708987974
        8.9590239533        6.9021057294
        9.0167000741       11.3447579672
        9.0743761950        6.4009134233
        9.1320523158        2.5602527791
        9.1897284366        3.0743541034
        9.2474045574        5.8530375137
        9.3050806783        3.6146856850
        9.3627567991        0.3840988410
        9.4204329199        0.0000000000
        9.4781090407        5.3000666697
        9.5357851616        5.5853678326
        9.5934612824        5.1847222408
        9.6511374032        0.0000000000
        9.7088135241        0.0000000000
        9.7664896449        0.0000000000
        9.8241657657        0.0000000000
        9.8818418865        0.0000000000
        9.9395180074        0.0000000000
        9.9971941282        0.0000000000
       10.0548702490        0.0000000000
       10.1125463698        0.0000000000
       10.1702224907        0.0000000000
       10.2278986115        0.0000000000
       10.2855747323        0.0000000000
       10.3432508531        0.0000000000
       10.4009269740        0.0000000000
       10.4586030948        0.0000000000
       10.5162792156        0.0000000000
       10.5739553365        0.0000000000
