# Tetrahedron method
       -3.8571629603        0.0000000000
       -3.7732089196        0.0000000000
       -3.6892548790        0.0000000000
       -3.6053008384        0.0000000000
       -3.5213467977        0.0000000000
       -3.4373927571        0.0000000000
       -3.3534387165        0.0000000000
       -3.2694846759        0.0000000000
       -3.1855306352        0.0000000000
       -3.1015765946        0.0000000000
       -3.0176225540        0.0000000000
       -2.9336685133        0.0000000000
       -2.8497144727        0.0000000000
       -2.7657604321        0.0000000000
       -2.6818063915        0.0000000000
       -2.5978523508        0.0000000000
       -2.5138983102        0.0000000000
       -2.4299442696        0.1117030457
       -2.3459902289        0.2070665746
       -2.2620361883        0.2836866196
       -2.1780821477        0.3332427596
       -2.0941281070        0.3856787686
       -2.0101740664        0.4309497838
       -1.9262200258        0.4841612340
       -1.8422659852        0.5414727026
       -1.7583119445        0.6080936554
       -1.6743579039        0.7637594792
       -1.5904038633        0.8289882772
       -1.5064498226        0.8018052782
       -1.4224957820        0.7809044343
       -1.3385417414        0.7582460228
       -1.2545877007        0.7446010029
       -1.1706336601        0.7280040840
       -1.0866796195        0.7324917539
       -1.0027255789        0.7553966517
       -0.9187715382        0.4874103780
       -0.8348174976        0.3550267665
       -0.7508634570        0.2699999748
       -0.6669094163        0.2139663657
       -0.5829553757        0.1614741702
       -0.4990013351        0.1298744472
       -0.4150472945        0.0456163854
       -0.3310932538        0.0253585513
       -0.2471392132        0.0314931754
       -0.1631851726        0.0327702946
       -0.0792311319        0.0337074364
        0.0047229087        0.0374015961
        0.0886769493        0.0490076686
        0.1726309900        0.0738953876
        0.2565850306        0.1364938773
        0.3405390712        0.2172459106
        0.4244931118        0.3962097042
        0.5084471525        0.6586666060
        0.5924011931        1.1980550898
        0.6763552337        2.3560983984
        0.7603092744        4.4850337921
        0.8442633150        4.7573853385
        0.9282173556        4.0125733553
        1.0121713962        2.9250460092
        1.0961254369        3.2057354391
        1.1800794775        1.1506750421
        1.2640335181        1.8013838612
        1.3479875588        1.8652776046
        1.4319415994        1.8624692427
        1.5158956400        2.1125149331
        1.5998496807        3.2870704481
        1.6838037213        6.1617299652
        1.7677577619        5.9935862541
        1.8517118025        5.0156193739
        1.9356658432        4.6044953531
        2.0196198838        4.6557180207
        2.1035739244        3.3365381601
        2.1875279651        6.2786217350
        2.2714820057        3.3152053305
        2.3554360463        7.0806270335
        2.4393900870        6.8375230565
        2.5233441276        5.4402754013
        2.6072981682        3.4108788684
        2.6912522088        4.5155178180
        2.7752062495        3.8929708031
        2.8591602901        3.7493386740
        2.9431143307        2.6055994280
        3.0270683714        3.6414025647
        3.1110224120        4.5455297859
        3.1949764526        4.7054810801
        3.2789304932        5.6586692800
        3.3628845339        5.6352440788
        3.4468385745        8.7414741259
        3.5307926151        6.4809584551
        3.6147466558        5.3254285007
        3.6987006964        4.0853599055
        3.7826547370        2.5477044040
        3.8666087777        6.2024208070
        3.9505628183        3.5901111490
        4.0345168589        5.0042369544
        4.1184708995        8.0023876501
        4.2024249402        8.7323558143
        4.2863789808        2.3313254552
        4.3703330214        1.7457650800
        4.4542870621        1.3622044791
        4.5382411027        0.1108945685
        4.6221951433        2.6067707233
        4.7061491840        3.2372540672
        4.7901032246        4.8443432273
        4.8740572652        7.6642744270
        4.9580113058        6.7508025642
        5.0419653465        4.0290617837
        5.1259193871        9.1758045152
        5.2098734277       12.6989257949
        5.2938274684        7.2546470399
        5.3777815090        3.7571533719
        5.4617355496        9.6072036673
        5.5456895902        6.9604678790
        5.6296436309        7.4674228703
        5.7135976715        7.6479686933
        5.7975517121        8.2036352931
        5.8815057528        6.9423274527
        5.9654597934        5.8803399541
        6.0494138340        8.5768500968
        6.1333678747       12.2186083846
        6.2173219153        4.4486045062
        6.3012759559        5.8853863605
        6.3852299965        6.2027531269
        6.4691840372        5.0697286884
        6.5531380778        4.1911403146
        6.6370921184        4.9612893435
        6.7210461591        3.1028021975
        6.8050001997        3.4067705843
        6.8889542403        6.0065769043
        6.9729082810        5.2600194015
        7.0568623216        4.7699368541
        7.1408163622        6.3743628741
        7.2247704028        5.4733011415
        7.3087244435        5.6015080918
        7.3926784841        4.6047537663
        7.4766325247        4.9091965432
        7.5605865654        3.9246937486
        7.6445406060        8.7863827428
        7.7284946466        8.0722964630
        7.8124486872        6.0627039206
        7.8964027279        1.1558943517
        7.9803567685        5.7381866770
        8.0643108091        8.0812124790
        8.1482648498        5.8955865593
        8.2322188904        4.5921672085
        8.3161729310        8.8647965015
        8.4001269717        7.3645568017
        8.4840810123        8.0316360115
        8.5680350529        9.2169554568
        8.6519890935        8.8446943447
        8.7359431342        4.1475293882
        8.8198971748        8.5588336836
        8.9038512154        7.0779903194
        8.9878052561        5.4843215880
        9.0717592967        3.1220935433
        9.1557133373        7.2097311634
        9.2396673779        5.5122834516
        9.3236214186        5.7229396180
        9.4075754592        9.5552069558
        9.4915294998        4.4148279882
        9.5754835405        9.8359086035
        9.6594375811        5.0849858576
        9.7433916217        4.9124777735
        9.8273456624        5.6419371226
        9.9112997030        5.4842306361
        9.9952537436        5.7918565212
       10.0792077842        5.3579530534
       10.1631618249        2.7785294134
       10.2471158655        2.4883927399
       10.3310699061        1.9716400525
       10.4150239468        9.0633019979
       10.4989779874        3.0173762710
       10.5829320280        5.0433046226
       10.6668860687        6.5814542780
       10.7508401093        4.5637395156
       10.8347941499        6.5288793445
       10.9187481905        0.0000000000
       11.0027022312        1.7131600376
       11.0866562718        4.0476190276
       11.1706103124        3.6709699541
       11.2545643531        3.5436311184
       11.3385183937       12.2083353973
       11.4224724343        5.3812260554
       11.5064264749        1.2736176561
       11.5903805156        0.0000000000
       11.6743345562        0.0000000000
       11.7582885968        0.0000000000
       11.8422426375        0.0000000000
       11.9261966781        0.0000000000
       12.0101507187        0.0000000000
       12.0941047594        0.0000000000
       12.1780588000        0.0000000000
       12.2620128406        0.0000000000
       12.3459668812        0.0000000000
       12.4299209219        0.0000000000
       12.5138749625        0.0000000000
       12.5978290031        0.0000000000
       12.6817830438        0.0000000000
       12.7657370844        0.0000000000
       12.8496911250        0.0000000000
       12.9336451657        0.0000000000
