# Tetrahedron method
       -1.1629917670        0.0000000000
       -1.0932122679        0.0000000000
       -1.0234327687        0.0000000000
       -0.9536532696        0.0000000000
       -0.8838737705        0.0000000000
       -0.8140942713        0.0000000000
       -0.7443147722        0.0000000000
       -0.6745352731        0.0000000000
       -0.6047557740        0.0000000000
       -0.5349762748        0.0000000000
       -0.4651967757        0.0000000000
       -0.3954172766        0.0000000000
       -0.3256377774        0.0000000000
       -0.2558582783        0.0000000000
       -0.1860787792        0.0000000000
       -0.1162992801        0.0000000000
       -0.0465197809        0.0000000000
        0.0232597182        0.0003149238
        0.0930392173        0.0050387967
        0.1628187165        0.0143634682
        0.2325982156        0.0322746468
        0.3023777147        0.0890510074
        0.3721572138        0.1210907597
        0.4419367130        0.1803639427
        0.5117162121        0.2557837978
        0.5814957112        0.3481502394
        0.6512752104        0.4754910377
        0.7210547095        0.5520998873
        0.7908342086        0.6201803409
        0.8606137077        0.9096223542
        0.9303932069        0.9236174657
        1.0001727060        1.2283558480
        1.0699522051        1.3255407865
        1.1397317043        1.3346973538
        1.2095112034        1.5322060997
        1.2792907025        1.9333945269
        1.3490702016        2.3330330181
        1.4188497008        3.0408920633
        1.4886291999        2.7964696253
        1.5584086990        3.6279709387
        1.6281881982        4.4011141572
        1.6979676973        5.3320573302
        1.7677471964        5.9940121932
        1.8375266956        7.2223424742
        1.9073061947        7.7045866373
        1.9770856938        7.2404057065
        2.0468651929        5.4482816124
        2.1166446921        6.9811606920
        2.1864241912        5.6517800373
        2.2562036903        6.7681642287
        2.3259831895        7.1966838828
        2.3957626886        7.2541181983
        2.4655421877        5.6664032845
        2.5353216868        5.8824068053
        2.6051011860        5.5452771260
        2.6748806851        3.8211368893
        2.7446601842        3.9340346919
        2.8144396834        3.7398990770
        2.8842191825        4.2547948252
        2.9539986816        5.8748519746
        3.0237781807        4.8660923885
        3.0935576799        5.8123259589
        3.1633371790        7.4710988924
        3.2331166781        5.0680219339
        3.3028961773        3.5863264180
        3.3726756764        2.3948751621
        3.4424551755        1.4056893514
        3.5122346746        0.0031166313
        3.5820141738        0.5425205958
        3.6517936729        1.3438178263
        3.7215731720        1.0198966675
        3.7913526712        0.8260010136
        3.8611321703        0.6992283937
        3.9309116694        0.6637823995
        4.0006911685        0.5831054050
        4.0704706677        0.5605434347
        4.1402501668        0.5458129159
        4.2100296659        0.5013178936
        4.2798091651        0.5014519359
        4.3495886642        0.5089998031
        4.4193681633        0.5180069453
        4.4891476624        0.5179587363
        4.5589271616        0.7806422722
        4.6287066607        2.1824675644
        4.6984861598        5.7292970413
        4.7682656590        5.7230737080
        4.8380451581        5.9201803908
        4.9078246572        5.9134843666
        4.9776041563        6.8297373371
        5.0473836555        7.4845429848
        5.1171631546        5.7859154199
        5.1869426537        4.2479518956
        5.2567221529        5.9798087811
        5.3265016520        7.5584708746
        5.3962811511        7.5679136458
        5.4660606502        7.0200315788
        5.5358401494        5.3302356332
        5.6056196485        8.1753088364
        5.6753991476        6.5252781286
        5.7451786468        6.4127383017
        5.8149581459        5.3622619939
        5.8847376450        7.5816817790
        5.9545171442        6.7546327098
        6.0242966433        4.7510685834
        6.0940761424        3.6316448782
        6.1638556415        6.2018772206
        6.2336351407        4.2070018662
        6.3034146398        3.9793499139
        6.3731941389        3.8492465265
        6.4429736381        2.5641343611
        6.5127531372        2.4674064103
        6.5825326363        1.4658161397
        6.6523121354        3.1292629324
        6.7220916346        3.1090087214
        6.7918711337        3.7435115673
        6.8616506328        2.9197258676
        6.9314301320        2.9419378823
        7.0012096311        2.9589030087
        7.0709891302        3.8251004848
        7.1407686293        5.4863344877
        7.2105481285        2.9503894518
        7.2803276276        3.4048321708
        7.3501071267        4.6854808942
        7.4198866259        3.1507170593
        7.4896661250        2.1119361814
        7.5594456241        1.9382687081
        7.6292251232        1.9373649019
        7.6990046224        2.1739038394
        7.7687841215        2.4178429049
        7.8385636206        3.4154126793
        7.9083431198        2.5372766569
        7.9781226189        2.3707361999
        8.0479021180        3.0174137482
        8.1176816171        4.1555756198
        8.1874611163        6.8212517902
        8.2572406154        6.1473244849
        8.3270201145        5.7447146595
        8.3967996137        4.7320513526
        8.4665791128        3.9682482796
        8.5363586119        3.9299693530
        8.6061381110        7.4398158894
        8.6759176102        7.2081031961
        8.7456971093        8.3953935895
        8.8154766084        8.4399705474
        8.8852561076        9.2995145998
        8.9550356067        8.4729905779
        9.0248151058       11.5943149337
        9.0945946049        7.5786921282
        9.1643741041        8.0968221890
        9.2341536032        8.3733728872
        9.3039331023        7.5060098389
        9.3737126015        6.7710632288
        9.4434921006        6.5722745543
        9.5132715997        7.9263564556
        9.5830510988        7.8096530839
        9.6528305980        7.2417503415
        9.7226100971        7.5023551779
        9.7923895962        8.3594736000
        9.8621690954        9.2901442069
        9.9319485945        7.8842178845
       10.0017280936        6.9804099519
       10.0715075927        5.0749053529
       10.1412870919        8.2970325565
       10.2110665910       10.9626765795
       10.2808460901       11.3345620539
       10.3506255893        8.8735872373
       10.4204050884        9.2615532861
       10.4901845875        8.9154288509
       10.5599640867       10.2695889268
       10.6297435858        5.8499274810
       10.6995230849        6.0082704997
       10.7693025840        8.0971699639
       10.8390820832        4.0657837635
       10.9088615823        7.7227907661
       10.9786410814        9.5940931453
       11.0484205806        8.6729457015
       11.1182000797        7.7220988245
       11.1879795788        8.9304574890
       11.2577590779        6.0315382007
       11.3275385771        5.6550970002
       11.3973180762        5.4605908053
       11.4670975753        3.8516220204
       11.5368770745        2.4072927198
       11.6066565736        0.8045045160
       11.6764360727        0.0000000000
       11.7462155718        0.0000000000
       11.8159950710        0.0000000000
       11.8857745701        0.0000000000
       11.9555540692        0.0000000000
       12.0253335684        0.0000000000
       12.0951130675        0.0000000000
       12.1648925666        0.0000000000
       12.2346720657        0.0000000000
       12.3044515649        0.0000000000
       12.3742310640        0.0000000000
       12.4440105631        0.0000000000
       12.5137900623        0.0000000000
       12.5835695614        0.0000000000
       12.6533490605        0.0000000000
       12.7231285596        0.0000000000
       12.7929080588        0.0000000000
